4119794	
4114738	
4114494	
4111606	
4108285	
4106932	
4106765	
4106227	
4105831	
4105395	
4104190	
4103935	4117637	
4103270	
4102918	
4102630	
4100783	
4098686	
4097528	
4094308	
4093429	
4088066	
4085993	
4085210	
4084922	
4084040	
4080978	
4077844	
4075535	
4075054	
4073396	
4070068	
4069905	
4069631	
4069183	
4067905	
4065134	
4063906	
4063318	
4062637	
4062343	
4061007	
4059247	
4057638	
4057175	
4055312	
4055097	
4053999	
4053875	
4052639	
4052333	
4051910	
4049453	
4048251	
4042631	
4041813	
4041809	
4039273	
4039123	
4039020	
4038898	
4038812	
4038472	
4038235	
4037296	
4036671	
4036230	
4035937	
4087396	
4033097	
4032431	
4032324	
4031577	
4030382	
4027838	
4027781	4031290	
4021976	
4020786	
4020602	
4020575	
4020555	
4020110	
4019831	
4019106	
4018763	
4017823	
4015175	
4014664	
4014409	
4011841	
4011798	
4011719	
4009233	
4008557	
4008307	
4007111	
4006846	
4006558	
4006477	
4005164	
4004376	
4004050	
4003689	
4000716	
3999959	
3999865	
3998306	
3996692	
3994407	
3993856	
3993639	
3989959	
3989533	
3989221	
3987445	
3986630	
3983742	
3983609	
3982998	
3982877	
3982691	
3981691	
3981590	
3978635	
3976650	
3975850	
3975822	
3974198	
3973941	
3972424	
3971898	
3971610	
3970931	
3970930	
3969206	
3968868	
3968638	
3968016	
3967635	
3967182	
3966462	
3965653	
3964865	
3964647	
3964410	
3962708	
3957772	
3956383	
3955956	
3955873	
3952267	
3950590	
3950015	
3949836	
3949827	
3949143	
3945062	
3944782	
3944285	
3943471	3978751	
3932299	
3930594	
3930501	
3929480	
3929177	
3928048	
3925528	
3924863	
3923930	
3921445	
3920029	
3919413	
3918694	
3917800	
3917125	
3912318	
3909443	
3906105	
1769396	3253690	3265759	3414936	
3905899	
3957810	
3905699	
4084014	
3905417	
306386	341760	
3904835	
1972229	
3902429	
1030277	
3898299	
3393203	
3897886	
101215	104815	
3895696	
106746	
3894825	
64128	703837	843524	1093287	2116776	2120128	2169040	2189646	2322782	2373637	2406968	2633923	2903929	3153462	3204030	3255405	3511852	3850050	3889798	3898537	
3894203	
3894012	3969791	
3069893	
3892870	
1807768	
3078611	
3887646	
3887526	
3884689	
3882996	
3881701	
3880093	
809347	974318	1065096	2379702	2401479	3838929	
3871697	3918069	
3870217	
3102486	
3865083	
1906740	
3864708	
3863170	
3862406	
3862176	
1969657	
3859400	3929933	
3858667	
2978541	
3857454	
3855749	
1567582	
3846464	
3845501	
3845361	
2659463	
1058511	
2371482	
3843969	
3842500	
3838717	
3838295	
3906211	
923325	
3837074	
2651267	
3837049	
3835870	
3081316	
3833095	
712004	805075	1825403	2175510	2380617	3421027	
3832124	
3777145	
3831466	
2743374	
3166357	
3827237	
4087603	
2299306	
3039542	
3827004	
3824296	
2816808	
3823658	
3819822	
3816192	
3814848	
3875574	
3762287	
3810944	
477291	
3810722	
3801879	
3800078	
1579886	
3796966	
3854437	
21578	3615947	
3794716	
3793322	
3792342	
3790638	
3785353	
1264089	3064030	
3784668	
3783958	
3783147	
3782958	
3780041	
3779367	3780168	
3349582	
3779284	
3778012	
3777502	
874936	
1454030	
3898796	
1743325	
3904667	
3775220	
1010759	
3775093	
3773303	
3771193	
3769908	
655238	
3767211	
317024	409837	
3762567	
3762260	
3761459	
816884	
3265476	
3757312	
3755745	
2377586	
3755494	
262454	1685341	3492712	4046861	
1384556	
1099999	
3754065	
3753886	
2192621	
3751736	
3750601	
3748354	
3747507	
3743631	
3741698	
3741538	
1354462	
3739381	
1039588	
3738064	
258707	
3735862	
3735286	
3733953	
3727780	
3723627	
702592	
1264269	
3721753	
3721282	
3719789	
2780748	
3160117	
3715835	
1645806	1815951	2894860	
3712626	
522442	
3711730	3946478	
300761	385165	
3711014	
3703367	
3702866	
3105233	
3698839	
3698301	
3697540	
3697406	
3538580	
3696342	4084937	
3692977	
3692224	
155921	
3689785	
3687122	
3686969	
3686904	
630586	
3682730	
3679992	
3677735	
3668076	
3852392	
3667496	
3666177	
3266106	
3613228	
3665958	
3664057	
3663373	
3658343	
3657331	
3656019	
3655938	
3356036	
3654961	
3652681	
3615084	
3763989	
3651043	
3650347	
30134	1469805	1725827	
3649457	
1610999	
3649194	
3646348	
3657551	
3645131	
3644412	
3644235	
3644193	
3639624	
3634284	
3631720	
3630414	
3003457	
3628361	
3626924	
3625675	
3624130	
3622223	
3621371	3667848	
3617956	
3616031	
3615608	
3612805	
3612176	
3611189	
2772172	
838768	
3610926	
3703688	
3610281	
3597350	
1934513	
3841182	
3610170	
3608513	
1847055	
3303775	
413079	
3804925	
3608346	
3608007	
1122445	
3607077	3713749	
1611282	
3605750	
3603643	
3603309	
3602254	
2887946	
3601405	
3600591	
3599719	
3596513	
817778	
3596482	
3596317	
682114	
3245771	
3596254	
3593980	
3584496	
3584086	
3752164	
3582380	
55187	
2750549	
3579369	
3575099	
3574683	3594817	
543887	
3570358	
3569833	
3564479	
978600	
2039419	
3412144	
3564384	
3563338	
3561350	
2744546	
3556486	
3552087	
3548837	
1384334	
1754751	
3544909	
3540201	
3538003	
3537537	
929281	
589007	
3537038	
1394343	
3536796	
3533002	
3532644	
3910865	
653347	657920	660190	669884	2523808	
3528720	
3523788	
3523433	
1537926	
3513722	
3513405	
3512977	
3512545	
3507255	
3506933	3541259	
3505296	
3501910	
92078	
3497771	
3497397	
2827373	3307618	
3496092	
2127782	
3699417	
3886612	
3496052	
3495875	
3492192	
3487999	
3227702	
3623511	
74567	388916	635782	666933	1136035	2347070	
2144270	
1695351	
3486597	
380200	
3486108	
105554	
3486105	
980350	
3481877	
3481683	
3481633	
3481023	
3480461	
3479041	
595119	
2817683	
3477775	
3476880	
849192	
3476088	
3883125	
122962	
3474977	
3030231	
3473955	
253459	
707315	
3472505	
3471647	
392075	
1390751	1451113	
3470071	
3469016	
3467154	
3464239	
3463126	
1832620	
3458185	
3454369	
3363226	
3592025	
3452790	
1573733	
2326336	
3449689	
3444384	
3442954	
3442091	
3440449	
3439665	3469703	
2585846	2655731	2998195	3164967	
3437693	
3437240	
3435254	
3432819	
3430976	
1095763	
3429849	
3427241	
3424146	
3424056	
1969727	
2972338	
3422187	
3552163	
3418855	
3413209	
1899271	
3410937	
2763568	
3410593	
3744726	
345680	
3408876	
3407153	
3406717	
3405893	
1034036	
3404249	
3403959	
382392	
3398438	
3398297	
3394676	
1584240	
3392334	
1392099	
3391158	
43980	1638603	
3391072	
3390268	
3389621	
3388727	
3388503	
3388043	
3387226	
3386404	3752547	
485949	
3373857	
3372744	
3369384	
3368361	
3367181	
173013	
3366187	
3364463	
1268424	1574620	1679995	1722480	1937982	
845806	
2223674	
3363403	
3363059	
3360760	
2735311	
3356284	
3706582	
3355177	
3354992	
3354707	
3354667	3398596	
3352680	
3351889	
3347304	
3347205	
3347056	
3346527	
3343744	
3341880	
3341199	
3758672	
1609000	
3604081	
3340834	
2570063	
3339615	
3337091	
3336918	
3994619	
3336276	
2568359	3757111	3947826	
3335065	
2537815	
3334793	
3334523	
584069	
3333223	
3333132	
3332418	
3332234	
3332116	
3331536	
3330875	
3329303	
3328852	
3327541	
676872	
3327446	
3323321	
3320397	
3318814	
1112299	
3668855	
3317888	
3316526	3317863	
3311919	3691556	
128768	
2439475	
3723145	
3311649	
3311225	
3310784	
2153594	
3215060	
3309464	
2171268	
3307126	
897817	1031972	2389782	2601998	
2972940	
3321815	
3306739	
3305142	
1354770	
3303255	
979196	
2601715	
3294580	
3292728	
3291681	
3290429	
3281327	
1257884	
3278257	
1259067	
3430102	
3268546	
3265825	
2795550	
3653261	
743702	
3264742	
1350818	
1840875	
3263928	
767767	
3263790	
4016242	
3758798	4037340	
3257867	
3259081	
3256217	
2172642	
2773603	
3255438	
310226	
3253571	
3919368	
315997	445283	549530	618253	621552	662538	701091	722219	787032	799489	843027	979628	1074841	1113243	1860898	2082809	2230925	2246857	2393841	2413419	2860869	3283239	3461201	3503051	3526773	3634425	3640083	3857125	3867079	3906580	3953273	4099208	
3253111	
3252459	
498479	
1075474	1413818	2038128	2425948	
3251526	
3249755	
3249741	
3193143	
3248605	
592397	
3247887	
2010952	
3244542	
3244078	
3243682	
3241093	
3240905	
447365	
3240075	
1338730	
3239714	
1903718	
2940473	
3238781	3845704	
3238685	
2647534	
3235993	
3233738	
3231808	
3228036	
3227303	
3227285	
3224831	
1375947	
3224408	
3252935	
970740	
3223446	
3222701	
1529372	3268728	
2559027	
2677783	
3445183	
2538530	
3222537	
3220152	
3218552	
411938	836158	
3215232	
1201497	
3506029	3604570	
3214032	
3213783	
3212538	
3210957	
2897971	
3085381	
3210493	
3210142	
372417	
3208695	
1157900	
3205469	
2315145	2903787	
3205317	
3204735	
3338041	
3202310	
3199759	
3196364	
2827816	
3196220	
3595653	3640153	
3196061	
3196038	
3194470	
3193532	
3188126	
3187080	
3186623	
1608155	
3181921	
3177621	
3176557	
3173478	
3801929	
3173357	
3999076	
1190116	
3851227	
3172468	
339531	
3446444	
3170780	
3165977	
3165712	
667916	
3165667	
239176	
3164069	
3117717	
3162850	
4074674	
3318480	
3158219	
1476536	
3155841	
3149325	
1240872	1250906	1361646	2308510	3899958	
3148686	
3147391	
3143783	
3143287	
3573504	
841465	2800193	
3138912	
3133882	
3133447	
3133247	
348269	
3132999	
3720932	
3724101	
3132629	
868306	
3124826	
3122566	
3794771	
3121472	
339468	
3741605	
3117481	3243961	3255801	
3114407	
3109225	
986986	
3108235	
3107470	
3103237	
3216660	
3102942	
3102861	
3100467	
3098910	
1340486	3381149	
3096943	3791842	
3605418	
1121030	
3094363	
3094069	
3093901	
2843420	
3093289	
3092531	
269100	
3091727	
3089056	
3088903	
3087357	3963252	
3842520	
3083896	
3083106	
3081365	
3080388	3123959	3169722	
3562698	
3076765	
1763781	
3074121	
3815752	
3072750	
3072581	
3066060	
3061291	
3061253	
3060932	
202833	544461	569404	590053	2348028	2619481	3402273	
1482080	
3060793	
112389	
2187908	
3058394	
3058367	
277013	
1695407	
3057005	
3056224	
3053194	
3052422	
3046995	
3430478	
3046486	3880768	
3043561	
3781453	
2049180	
3043195	
3042673	
2005346	3363947	3404290	4079164	4104473	
3628422	
3041723	
3447616	
323562	2467154	3925225	4078736	
3041086	
3523616	
1106468	
3039684	
3033699	
3033595	
3375573	
3032552	
3031169	3108223	
3058553	
663867	
730373	2298340	3763433	
3030436	
3029838	
3029823	3450019	
3028045	3133308	3948339	
2017104	
3027357	
170404	
3207516	
110312	264175	
834578	1633834	3726030	4033626	
3090592	
2221008	
3023410	
3624675	
3020253	
3014097	
3011915	
3011167	
1482528	2559399	
3010397	3460452	
3009437	3405756	
1823261	1949589	2056549	
3005293	
3000188	
2570918	
3000021	
3285305	
2998264	
2995176	
2992534	
1686589	1956449	
2988762	
2988327	
2985952	
2983616	
2833793	2881049	2908696	3008107	
2980984	
3522248	
2979931	
3409587	
3111432	
2978406	
2977585	
2977050	3022283	
2975987	
3001190	
2607959	
2975021	
2971505	
835973	
2968536	
2967009	
2963533	
2962409	2974308	
2959386	
3338842	
3678038	
2958381	
3476498	
2957706	
2956951	
3394184	
2956710	
2956664	3077798	
2955530	
1253754	
2950352	
2947402	
3026987	
3857846	
2867474	
2947375	
2825761	
3111844	
2947190	
788534	819182	1333997	1765202	1856790	3155320	
2945112	
2944418	
2874973	
2942444	
2970603	
2940132	
2939703	
2939441	
2939331	
2938380	
2936386	
2936347	
2936122	
2935121	
2933552	
2933173	
2933172	
2931155	
849319	
2930760	
2930545	
461598	
3188615	
1835717	3250019	
2930385	
1851550	
2930068	
3756856	
2927958	
2926353	
585244	1280279	1342484	2621633	
2926242	
774197	783006	803710	1937813	2271966	2391871	
2924845	
3922870	
2923845	
2922612	
2922290	
2920027	
3327027	
1036397	
1374730	1754765	1815721	2159160	2627988	3173713	
2919822	
3358574	
2919138	
2917962	
339196	
684019	1064864	1260725	1265871	1274556	2187076	
2917301	
2913381	
1883618	
2910777	
3139404	
1235566	
2909522	
3754289	
4034738	
1011586	2536459	
2905760	
2901740	
2901515	
924856	
2721824	
2899834	
3615641	
2896468	
2893861	
158646	730620	3862350	
1336878	1944395	
3732242	
2103333	
890703	2821373	
2892021	
2891866	
3793009	
2891752	
2888329	
3776523	
2886868	
3725885	
2981184	
2882402	
2881950	
3099658	
2881235	
4041989	
2879161	
3470757	
2879100	
3643573	
975735	
1022477	
3456705	
2879046	
2877757	3542588	
2874493	
2873628	2883465	
2873090	
1494271	1614794	1808639	
2872757	
892681	
2742436	
2871086	
2526957	
2870975	
1287731	
2869711	
2866800	
2997796	
2980083	
2864813	
1972764	
2862736	
4074839	
2862437	
2858381	
2855581	3257068	
62179	
3450785	
2854597	
2851443	2880004	
3448055	
2851158	
2849201	
3504591	
2183978	
2972388	
2847201	
2846774	
2844893	
2842334	
3810430	
2840197	
3685523	
485834	
2305065	
2839711	3106444	
1484521	
2672424	
2837859	
2508461	4030336	
3805912	
2836242	
2835679	
3829147	
2834240	
810338	
2829669	3398599	
1039991	
2973039	
2828061	
3554656	3656125	3672717	3711807	
419462	
2825255	
2824816	
2821259	
2818065	
3772725	
3232270	
2816018	
3197995	
2813871	
523494	
2382548	3409726	
2813771	
2812708	
3219718	
2810469	
2808818	
3503144	
2807896	
2804383	
3097132	
2861449	
2803844	
2803609	2812009	
2802174	
3235392	
2800854	
2729582	
2800482	
2796965	
2797857	
1511543	1866419	2009039	2144441	2155249	2805316	2990877	3289032	3791592	
2795681	
2525996	
2793217	
214548	568563	3459650	3553454	
2663382	
3825286	
2715207	
2790116	
2789249	
2734914	
2788368	
3898197	
2786753	
2785702	
465731	
3121182	
2785054	
2781675	3385544	
100818	
2781643	
2930344	
2778658	
3985714	
3269022	
1614359	
2240588	
2778609	
2778454	
2775946	
2915511	
881843	
3531749	
2772994	
3044217	
2638172	
2772970	
2772600	
359336	
3828478	
2769269	
2569039	
2768371	2773312	
3058828	
3862693	
1657023	
2768354	
2765515	
2764731	
2764123	
2364713	
2764044	
2763466	
2763423	3396332	
2760250	
2759144	
275097	
2785894	
2754255	
2754229	
3868443	
2753713	
1864702	
3771589	
2752226	3886092	
2751838	
2751728	
2749998	2761946	
597709	
2748786	
3839945	
2747094	
1698416	2116810	
3066569	
2741538	
3469907	
2740762	
966875	
2738487	
2734624	
2733434	
2144445	
2730598	
2729791	3750737	
511589	
2924758	
1780324	2132342	
2728713	
1002885	
1232709	
2728528	
2752324	
2726845	
1486197	
2724729	
2723634	
2018856	
2722296	
2722219	
2722032	
2721921	
2720057	
2719586	
2011902	
1150685	
3137242	
1898374	
2718954	
2717929	
2717897	
2780680	
2717448	
2712857	
645310	651052	728074	1905500	2159505	3351138	3357797	4070343	
3639467	
3052932	
2711923	
2711122	
2709481	
2709361	
321431	336882	696727	1110962	1178489	1306834	1820423	2108094	3265396	4058157	
2708919	
836029	
2708379	
2708171	
2706974	
2741258	
2706436	
3475248	
1188651	2249101	
1371470	
2703381	
4009030	
55366	1910937	1992643	2403925	
3772638	
331659	
3235479	
2703204	
4062595	
2702203	
2702144	
2700226	
1404140	
2700022	
2698429	
2697824	
1918943	
2694689	
662065	
1062068	2080792	2248839	2318536	2323436	
1278853	3058328	
2692373	
1467170	
2689289	4020214	
2251152	
2919505	
2688485	
3881904	
2857498	
2684946	
2684563	
2683506	
2681907	
1224207	
3526754	
2679650	
2676274	
547686	671379	704644	729110	
2675379	
2674276	
401669	
3432275	
286207	
1508179	3753731	3755705	
2673824	
2908561	
2673044	
1824197	3084909	3085341	
3110388	
3306703	
2672993	
120918	135398	3382567	4064712	
2239362	
2672433	
3102766	
3575906	
179207	
934620	
2672068	
2670367	
2669083	2743568	
2667223	
434057	
3411867	
2664257	
2455804	
2821077	2997028	
2091836	
2673190	
2206605	
2663484	
2660683	
3677362	
2662511	3180881	
2661851	
374461	
2661680	
1881331	
2656479	
2656370	
2654767	
265492	624194	895587	1336695	1703466	2728055	
1550320	
2654444	
2440626	3059537	3088987	3822152	
2653841	2673446	
2796103	
2652017	
2576690	
2646219	
2646200	
1130677	2579448	
3799293	
3010641	
2644069	2722420	
3644411	
2643792	
2643031	
2642780	
2642270	
2641772	
2640103	2688537	
2639210	
95317	
2637735	3836306	
3590208	
2501008	
2637424	
2637171	
2139463	
3066046	
2636559	
2636143	
1356102	
2634314	
2632509	
2631622	
2629306	2684858	
2629018	
2627871	
511109	
3277613	
2626779	2654737	
2626062	
2641162	
2625777	
2625043	
2624677	
2623974	
2623671	
3357332	
3536499	
2944634	2973335	3381612	
2623637	
2622713	
2620310	
2620248	
4054240	
2617170	
2613375	2660963	2698289	
2612624	
2610280	
2609014	
1589021	2052217	
2609001	
3068088	
2698306	
3180367	
2608882	
2022878	
2608435	
2607766	
2606841	
1668907	
2605259	
3092390	
1622976	
2604926	
2604736	2871610	
2603259	
2603043	
2289034	
2602984	
1953412	2050419	4015365	
2602543	
3210881	
1111744	2146952	
2191021	
2601521	
2600480	
2597624	
2597035	
2596601	
3347983	
2596359	
2959076	
2594091	
2593627	
3743526	
2592723	
2592463	3435163	
282526	1223183	1232047	1390701	2037981	2614792	2662330	3059781	3306537	3627136	
2048534	2071521	3045885	
3681086	
2591864	
2590328	
2780138	
4110617	
2586728	
2585899	
3436526	
2585624	
2433196	
2582688	
537968	
2581697	
3691875	
871761	
2578958	
2578890	
2577992	
3968876	
2576582	
3176918	
2574250	
2572947	
3128861	
4071390	
3921735	
3194911	
3039400	
474134	3141791	
2572473	
2572044	
836056	
2570198	
3863670	
3391388	
2238523	
2570087	
2715679	
880295	3209414	3211724	
2569800	
3330886	
2569698	
3805791	
527641	
3808581	
2606077	
2518785	
2569449	
2568660	
3662141	
1766010	
2656582	
975831	
2565952	
2565823	
2565255	
2695590	
3022294	
1709968	
1741313	1924420	
2564708	
2728278	
2723890	
1034157	
2564306	
2562269	
1295338	
2562245	
606543	
2559094	
1888408	
2710162	
2929731	
3331316	
3124702	
753723	
2558869	
2558048	
182877	
2557524	
3195350	
2557221	
2555004	
2553738	
289481	
874994	
2553412	
2552517	
2436721	
2552504	
2552490	
2552230	
1265840	
2551474	
1106802	
1186918	
2551203	
3819420	
3673904	
2549352	3560859	
3658388	
2549242	
2429828	
2548444	
2548335	
1329790	
2886521	
3983241	
2548211	
2942372	
2548150	3081188	3750247	3907439	
2547663	3218096	3546250	3703948	
1739033	
2543235	
2507151	3211781	
3269507	
2542367	
2541240	
2540050	
625337	
2538617	
2537919	
2536909	
2533499	3074102	
2533264	
2533127	
591228	
959804	
2529943	
2529362	
2844512	
2528589	
2527920	
2527431	
3971108	
3043626	
2524844	
3923835	
2688433	
426242	
2524560	
1528194	
2186191	
2520619	
903385	
3588836	
2583749	
2519530	
3152163	
2517942	
2517179	
2515836	
2515655	
2958297	
2512919	
188415	
2511710	
3317772	
2511002	
2537346	
477268	
2510770	
2510409	
2510333	
2507683	
2177726	2179500	2317452	2916717	
3196758	
2543178	
2504626	
1629776	2745095	
2503730	
1605233	3399051	3499188	3846256	
3864348	
2503124	
147554	
3004028	
2603897	
2502411	
57427	
2500134	
2499395	
3783679	
2499186	
2497585	
4002091	
2496094	2500332	2504794	
2570156	
4073295	
2493944	
531894	2797828	3545967	
2493836	
2491254	2534643	
2489615	
2489391	
2489094	3045945	
777868	
2488479	
2487858	
2485021	
2478326	
2475804	
2887959	
2475609	
2637686	
3841400	
2474625	
328991	
2474267	
634882	
2473805	
2468569	
2466643	
2465812	
3194407	
2464740	
2463894	
1837882	
2463111	
3747679	
2462745	
2170283	
2022383	
2462582	
1267873	
2462369	
2461912	
2461224	
3494870	
2460468	
868478	
2459938	
5865	
2459880	
2459491	
3616566	
2458702	
3608914	
2458473	
2457205	
1894158	
2455655	
2455369	
2193831	
3576694	
2990531	
2454876	2860963	3405201	
4059107	
2453385	
2915701	
2453201	
2448136	
1760707	3227891	
2447941	
2445487	
284851	1975946	
2443997	
2922786	
2441831	
2441400	
1610411	
2562579	
2437011	
744382	
2436971	
3517143	3631540	
2745516	
2436723	
809723	
2435929	
3544512	
4088311	
2433803	
627259	1513898	
3688069	
2536067	
2431417	
1911904	
3021678	
4048483	
2394706	
2427461	
2267417	2330030	
3060626	
1020676	
1700280	
2427371	
3402181	
2425317	
3247601	
1567848	
3392707	
2421120	
2053330	
3248129	
2416183	
2411748	
2596283	
269288	
2861755	
2002038	
2444154	
2411238	
3673695	
2407454	
2406995	
2406133	
3999778	
2402897	
3917440	
2402883	
2398582	
2396845	
2393481	
131269	
2388647	
2648596	
2388431	
2386343	
406423	
2385672	2776530	3634821	3987718	3989657	
1207551	
2383341	
3872940	
3251624	
2381860	
2380733	
2374136	
2373925	
2371783	
65817	
2370647	
2369233	
2981025	
2368642	
1229313	
2873310	
2360563	
1856353	1938917	2467724	
2359258	
2295249	
2356865	3404988	3421591	
2349936	
578104	
2345967	
1626576	
3381106	
2590732	
2344177	
2343461	
995084	
2343048	
1829823	
2341913	
2339450	
2337852	
2337219	
2337144	
1416537	1428326	
2333408	
2332621	
334065	
2403880	
3775284	
829799	2145353	3439703	
2323865	
603678	1054084	2735165	2820868	
2320546	
2521076	
2317175	2418839	
3829445	
2534497	
3280230	
2316810	
2314293	
2310189	
176179	
829986	853491	2123642	2246898	3262983	
2309246	
3090553	
2308876	
2307860	
3878576	
2301411	
203142	
3545407	
2298296	
2297459	2331697	3065490	
2630414	
2295291	
2291538	
2289498	2291093	2762131	2852625	3271659	3362095	
2284943	
1052675	1849570	3074010	3176099	
2284881	
2347750	3399166	
2284024	2296133	3893439	
3612252	
2282412	
2281654	
2280614	4084580	
2279364	
2300836	
3151400	
2278188	
2277464	
2269435	
1072439	
2269009	
2267696	3372323	
880887	
2897520	
2266113	
563624	
2263015	
249034	534993	688840	731592	738413	1315218	1675468	1719267	1748006	1758758	1783977	1873616	2130757	2228751	2258846	2338899	2344306	2392847	3256753	3547269	3744398	3868338	3937896	3946306	3992560	4030078	
1426987	
2259969	
2992422	
1036810	
1867942	
2258537	
2902129	
278311	
1826370	
791926	
2257485	3010794	
2251280	
2255992	
2253189	
2175965	
2252703	
669396	
3846372	
2252055	
2250340	
3847596	
1961560	
3153882	
2246150	
3196400	
2245698	
2244802	
2243685	2931973	3369320	3406898	3575059	
1090183	
2242496	
1570938	
2240598	
832638	
1477907	
2450229	
2240452	3409810	
2239453	
2239289	
2982620	
1450168	
2923726	
2236478	3178603	3180055	
2236115	
2232860	2409057	
3000382	
2230244	
2690854	
2228587	3433502	
3022619	
2228089	2322502	2340012	2354702	
3322880	
1899307	
2223758	
3355020	
75020	768411	816061	854127	1976079	3756242	
400387	
3145955	
2222797	
319758	
2929087	
2538415	3567145	3623472	3629226	
757813	1712224	1957684	
2217231	
2212802	
3041158	
3878208	
2209725	
2998690	
2209615	
2209244	
2205863	
931027	
1756325	
2204678	2237775	
2201588	
2200169	
2199973	
2198494	3252860	
2196380	
2196296	
778981	
2196073	
1241095	1506599	1829004	2922089	3790277	
3172855	
3946823	
2195589	
826246	1949611	3624588	
3332722	
2193872	
2193158	
3278211	
938987	
2191218	
2190528	
2602608	
1129364	
2188546	
863639	
2188195	2294740	
3235614	
2185172	
2184863	
2184668	
2184062	
2181985	
3837590	
2181963	
2797224	
2181303	
3682456	
2180176	
2179851	
1484037	
2177983	
2176859	
2261033	
2170808	
176853	
2169293	
2806021	
2199191	
3375980	
2168584	
3119311	
2168038	
2167721	
2165882	
3807007	
572440	577422	2196605	3138120	
2267422	
41924	
1011432	1035742	
2165735	
2163694	
2650456	
2161695	
3287489	
2161253	
368247	
2160384	
1085975	
2158822	
2157429	
349310	
3032477	3374415	
2156021	
2155597	
2154785	3509243	
2154720	
2153919	
3399508	
3417990	
3849810	
329205	
2153574	
2153269	
2152532	
899214	
2151266	
2150206	
303406	3095167	4064428	
2149165	
3309021	
2149158	
409081	
2849922	
2148416	
1048422	
2145581	
2145159	2533013	
2144721	
2857195	
2823449	
2696674	
2606324	3746633	
2140740	
2163770	
2140153	
2139730	
2137442	
3095455	
2135140	
2133223	
2130457	
2129902	
2129198	
1756913	
2128610	
2723216	
1249171	
2128349	
2126959	
545668	
2669961	
2125915	
2125652	
3893473	
2125021	3775554	
2124597	
2123339	
2120557	
2120343	
1636583	
2151736	
1595059	
2118122	3063010	
2117493	
2114332	
2113607	
2771727	
1726528	
2112404	2501448	
2111080	
3178148	
2106472	
1189344	
2552975	
2104182	
2103701	
2150463	
2103511	
2099175	
626524	
3333591	
4096297	
2367631	
2586628	
2098863	2103779	3781012	
2096452	
2094237	4068618	
3445644	
2774545	
1783506	
2090612	
2086283	
622295	
2085035	
2083467	
3987958	
2083450	
2216499	2312182	2360221	3460358	
2082015	
3075502	
2081811	
2080395	
2077427	
2076128	
2074430	
2231162	
2071190	
3676938	
2070728	
2070232	
4053021	
2479095	
2069931	
1387773	
2068720	
2334023	
2068095	
2067968	2948413	
1785804	
2622605	
2067038	
27008	184589	400759	406075	414819	571899	732648	835827	991907	1099532	1100409	1656069	1751766	1765093	1885985	1933133	2108598	2209676	2256236	2285531	2303677	2385930	2954718	2970118	3246179	3273738	3287556	3307830	3504686	3544446	3561268	3574298	3594671	3598614	3618418	3648468	3870376	3877457	
2066954	
2066688	
582338	1059840	1235599	1245447	2101432	2831894	
2066346	
2065470	
3199871	
2065165	
2064911	
1310592	
2063917	
3862332	
2996404	
2771802	
383060	3557793	3581494	3645195	
2063423	
2061686	
2061084	
172817	
943655	
2413634	
2339485	
2060460	
514202	
2060081	2740943	
2058126	
1427690	
2057380	
2680300	
2056693	3259474	
15688	
3217968	
2068556	
2056657	
3045858	
585773	
2056383	
770509	
2228399	
2056056	2070215	
2055981	
3182913	
1539256	
2055810	
3175699	
2053678	
809147	
1857763	
3561349	
2052674	
417916	1593071	1604684	2770708	3233984	
2052185	
682983	
2051849	
1203384	
3867222	
1570708	
2049868	
2965244	
1751059	
2917368	
2048043	
295246	
2043590	
2040363	
2040294	
2505472	
2038941	
2038626	
1181017	
3032032	
2679031	
2038593	
2035001	3397543	
178808	
3209625	
2015579	3726710	
2119453	
2034712	
3913896	
2034405	
527844	
2033386	
2357162	
2032717	
2029651	
2025499	
1578610	
3862619	
616074	2736058	
185688	
2025192	
3668752	
2912137	2931783	
2022550	
3805132	
3378204	
1132231	
2022009	
28042	
2755750	
2020968	
2485351	
2017961	
2014957	
2013414	
2013027	
2012822	
3512513	
2012715	
2012546	
2012523	
2012185	
412809	495952	2319630	2345517	3196274	4087523	
3868048	
273593	
2005148	
2206631	
2005018	
3786240	
3447636	
2664948	
3488592	
1663864	2888785	
2002854	
2041275	
2001419	2936073	3235344	
2053988	
1958428	
2000724	
3696091	
2827255	
1889998	2252714	
1999488	
2855169	
1999399	
4034380	
3409966	
1999144	
1999099	
1998992	
1998542	
2454624	
1998525	
766766	
1995558	
1995031	
1883988	
2201203	
62284	342105	601589	605292	1374733	1375248	1417502	1550527	1901894	2181834	2666221	2772555	2949718	3068800	3080825	3170072	3373762	3818120	3825733	3862122	3948962	
1994833	
3289594	3740656	
2471132	
1993526	
1993309	
462086	
1990409	
1986421	
4065567	
1986339	
1635841	
1986116	
3751964	
2987844	
1985823	
4085995	4090708	
1985459	
2664574	3444247	
2529717	
1982556	3494526	3541761	3666491	3730743	
1979040	
2704771	3840763	
1978662	
3209550	
4021533	
1975045	
2082995	
2103725	
1272925	
1974809	2526495	3228060	3541405	3626667	3743045	
1467684	1539417	
1974084	
1973132	
1972147	
877202	
2709891	
360547	
3539802	
1971406	
86974	
1965919	
1962584	
1959260	
3512679	
251021	
3001890	
1958311	
1958287	
3255558	
1957737	
1957251	
1956534	3192613	
1954924	
2292654	
1953504	
2668106	
1951664	
1951362	
922697	
1041650	
3058320	
1950454	
1851279	2458949	
2073753	2705077	
1944140	
3120943	
1942448	
1934855	
3722697	
2402647	
3247419	
175975	
1933284	
322256	
1933062	
1928259	
1926577	
4029804	
1922702	
1922225	
3536254	
3291058	
1921983	
2428114	
3416121	
2443975	
1921829	
1921108	
1920799	
1919833	
3792252	
1059895	
1919439	
1919235	
2199366	
204062	
1914611	3416143	
3085350	
2043740	
1487795	
1913475	
2823087	
2030541	
1912577	
2629599	
181727	
2956537	
1912257	
1911530	
1682121	
2362589	
114366	
638156	
1910652	
1909999	
96814	2485061	
1977735	
3643253	
1995465	
1909748	2717074	
1907575	
2347957	
1905213	
1904931	
3848266	
1904310	
1286854	
1903799	
3445722	
195768	
2431383	
1902973	
1900183	
1899928	
3400122	
1634452	
1899621	
1898761	
1898434	
3155955	
1896719	
2895839	
1894325	
3357530	
3316669	
1893835	
1891897	
3864782	
1890448	
3714161	
4068402	
1887183	
2483196	
1886905	
1886285	
1883103	
1882452	
1126385	
1876078	
3666478	
1874848	
3454297	
1874436	
3677441	
3393219	
1874240	2122866	
1871730	
2802878	
1871349	
2844487	
1870605	
1869350	2066616	
491296	
674092	1899934	3235015	3451904	
1941788	3632374	
1869343	
2180751	
1868958	
1868547	
950640	
481421	
1878173	
2629605	
1867202	
183260	
1884402	
495703	
1867127	
3713685	
1866064	
1865345	
3368778	
1865147	
1864660	3455560	
3516196	3648825	3659973	4071376	
1860906	
1860873	
3751384	
1856604	
3034396	
1855411	
1900677	
1855199	
667091	
1853416	
1852540	
3870841	
1293308	
2588999	
4040501	
3952625	
59486	
1891350	
1850935	
1850054	
200158	386089	538818	2246526	2440001	3665437	3705819	3924145	3995663	4090784	
2654067	
1849127	
1849105	
1848457	
1848177	
1847573	2297832	2325992	
760773	
1847565	
1845949	3850967	4054780	
1845499	
1845387	
1844894	
1137209	
1841933	
1841233	
1543579	
1840393	
1683520	
1837938	2479154	
1837622	
1836737	
1834247	
2331274	
1830134	
1827377	
2924757	
1825199	
1823687	
2519862	
3408593	
384332	
2988221	
1822529	
1821372	3296025	
3878081	
1821198	
2901942	
1820340	
1819163	
948669	
1818278	
1817909	
1514643	
2756280	
2627847	
372435	1478504	1620077	
1812792	
3873688	
3698530	
1812283	
1811817	
1811684	3436536	
1811671	
957586	
2248218	
1810750	
1810414	
1810014	
1809860	
1809856	
1809218	
1808107	
4057260	
1212768	
3064095	
1807221	
1806284	
1804533	
3280424	
2078824	
1801592	
779346	
1801407	
1800998	
21767	
1798787	
1356190	
3904193	
1798113	2672030	4109473	
1464866	
3622112	
1796021	2550242	
401823	
1795469	
2501677	
1485026	
1793361	
1644740	
1790591	
1477373	
1788781	
152543	158379	
3073942	
3990982	
1272058	
1788608	
1494673	
1788311	2303919	2405268	2991711	
775959	
3669166	
1785666	
704430	
1759188	2677490	
3860365	
971108	
1785351	
3782596	
1785174	
454245	
1783995	
2957622	
2565114	
442332	2201811	
1783634	
1783056	
2941846	
1107736	
1780228	
2098213	
361886	3433965	
1779708	
1779107	
1779023	2002424	
1778722	
1777735	
1775576	
829361	
1774350	
1771226	
1770558	
1766969	
1123535	
1766556	
3664369	
2832465	
3218390	
1766552	
39081	801393	815054	
1766524	1769483	
2634646	3245712	
1765498	
1764750	
1764744	
3554285	
1764005	
1762269	1952458	
3013469	
202794	3816895	3832944	
2816831	
4060377	
2175380	
1196812	
1761097	
1758853	
1758745	
1758074	
1019365	
853063	1154866	2018273	
2152162	
1757786	
1756260	
645414	
1755983	
1755701	
1745743	
2326622	
1744248	
3377104	
1742418	
1741665	
1741491	
3840183	
2300509	
2881785	
2429457	
1740234	
1740079	1833825	2612509	
1678745	3681158	
1739990	
244465	
3447565	
1739468	
798987	1982558	3514261	3737034	
1739209	4084532	
1736538	
1860162	
1736041	
589119	
3122745	
1733850	
1729467	
1728865	
3393384	
1728225	3060265	
568666	
2248806	
1735018	
1727517	
3380167	
3816803	
1725891	
2755154	
1724566	
1723038	
2185161	
1158145	
1721958	
2751814	
1992512	
1720225	3238154	
3478591	
3404217	
1719849	
1718728	
1716970	
610643	
1716663	
2979018	
1715192	
1355884	
1713921	
1713795	
1311762	
1710263	
76720	
1503889	2659404	
1708963	
292186	1193232	3372864	
1705804	
138813	3563002	3639410	3648878	3695462	3696491	3703803	
1255718	2195083	
154912	
1705721	
3555850	
1705003	1755718	1762073	
4104427	
1704635	
3654033	
1701757	2757202	2769444	
1613543	
1082930	
1700116	
261132	
1484568	
1699972	
2983010	
1697482	
1697021	
3168732	
1017733	1685498	3482404	
145370	1747973	
1696754	
949900	
548967	3384064	4062400	
1349831	
3549289	
330153	805919	1081534	2373136	2414455	3640020	4093685	
3099446	
1693065	
1692788	
1931525	2375729	
1006355	
1178644	
1317014	
1691448	
1396585	
1687230	
3214373	
2447171	
1686636	1691581	
551655	
314917	
3024581	
1681404	3525140	
634907	704866	935740	2397291	3976038	4108125	
2672825	
1679347	
1674736	
235249	
471271	
1673664	
576407	
442943	
1672591	
1670547	
2580246	
1670418	
2777450	
384288	
1337341	
3953068	
1261683	
1666616	
383688	2070310	2080403	2813927	
3619528	
1662237	
3218468	
1656320	
3413835	
2579761	
3855184	
426739	441612	497990	578028	683074	694891	1777878	1893767	2022146	2163094	2279280	2281344	2389124	2422723	2952612	3073246	3279515	3386913	3455738	3540320	3561522	3674526	3691828	3710428	3909573	3974123	3985168	4019561	
1652891	
1651880	
2164782	
1651789	
1651738	
2119968	
1649384	
970673	
1646918	
3210102	
1646887	2768700	2885047	
1403600	
1646120	
1641760	
1641131	
1404059	
1639830	
142864	
619476	
1639208	2528516	2994006	
2861448	
1636825	
798846	
1634274	
1633939	
1631764	
1631337	1640757	3197537	3525885	3708732	
3233227	
1630396	
148616	1516836	3403477	
1630213	
4021986	
2637414	
2870998	
1627462	
1626985	
1306653	
2687880	
2676501	
1461362	
1625959	
1620986	1645968	1702496	
1620333	
3113801	
1151155	
1619302	
892548	
1615939	
977313	
3950492	
1614000	
871259	
2531221	
1613526	
367602	
1613497	
3488747	
1164856	
2942319	
642366	
681466	3470814	
1352077	
3527202	
1090701	
2845599	2891832	
1519344	
1139948	
1613430	
905883	
3467332	
306012	
771942	
1108598	1194248	1862228	4023491	
1601926	3092220	
1613350	
2532839	
478943	
1610431	
1820502	
1609340	
1877082	
3070075	
172110	
1605042	
1518568	
1605027	3520511	
1603199	3232799	3538212	3577148	
1594311	
3764021	
1966908	
1705877	
1589285	
1586034	
701901	4018448	
1585373	
1978730	
3417396	
2691123	
3283027	
197270	
283806	
2374432	
859054	
1585371	
2933342	
125043	3610250	
86191	
1692036	
1326143	
1582227	1726847	3517869	3568808	3606612	3659675	
1422105	
729900	
1453997	
1580288	1587823	
1580164	
169600	
1255282	
2502275	
1263152	
1506180	
1579854	
3282422	
694467	727182	2137779	2852622	
1576167	
2198796	
702454	2509593	2548092	2551018	3205896	
1573065	
1646092	
1559292	
1570644	
1610093	
2988035	
6393	
1570401	
1870929	
1569372	
1953089	
1567929	
628388	
1565949	
2650856	
1565301	
1563222	
2595164	
2052194	
1562958	
1562425	
2827821	
1562218	
3268882	
565936	980165	
1115148	
2279911	
489786	910286	4059970	
1562165	1605636	2689374	3116787	
2722769	
1559428	2773642	
1612447	1692112	4012122	
1220691	
1558526	
1558051	
1556518	
678813	
3214162	
2938263	
104068	111974	1108073	2854240	
968935	
1556483	
2457867	
1318080	
1551094	
3507856	
1830229	
3465862	
1887067	
1548948	
1783330	
2663654	
1548094	3961187	
2827091	3047286	
1416188	
2579233	
2035904	
1546457	
1444196	
3358781	
2745821	
1443560	
1599056	
1546163	1573545	
6600	
1544171	
1974974	
1543178	
4019915	
225036	
1066302	1840278	3034216	
3106996	
2893934	
2018227	
1542572	
2595511	
368064	
2171831	
1541748	
3009925	
1540750	
1540154	
3350530	
1536929	
1535055	2073595	
1532145	
1073021	
1448264	
1531833	
1529030	
1526838	
2457994	
1376073	
1522355	
2971661	
1519036	
1513752	2107484	
1509853	2543167	2953729	3316785	
2701371	
496764	
1507696	
2233733	
4035491	
1506459	
1505355	1521045	
1729004	
708357	943858	1186562	1240017	2380151	2510609	3753312	4090750	
695239	3488000	3575752	3860513	
1505286	
1504136	
1503345	
1503092	
468297	
1502267	1986946	
537229	694138	
1501767	
1501474	
1501299	
1024367	
3348311	
1497214	
764275	
928235	
1500208	
1698472	
1499805	
1499422	
3650072	
38623	1864722	
1498648	
1498624	
1791711	
1495495	
3688080	
1174332	
1713291	
3074475	
185873	289932	610173	794898	823770	1068034	1082013	1129001	1172049	1203056	1226433	1378118	1391430	1424422	1445301	1560553	1706896	1824359	2633247	2789738	3030564	3134327	3152497	3165098	3278139	3303865	3441578	3613202	3864463	
1490519	
1206522	
458302	
1488412	
1823866	
1487229	
1419658	2039714	
1486376	
3428272	
2370774	
2241738	
392067	3494359	
1484941	
3450297	
610726	
566401	
1926079	
1428344	2012122	2604146	
658799	
1480032	
1808672	
1479017	
3494263	
1983746	
1477737	
119758	
1477341	
2773235	
1476226	
3674497	
1474082	
1473448	1879795	2132100	2748138	3670084	
1640244	
1467176	1683052	2758242	
1740995	
175905	944198	
1466667	
2923563	
735076	
1464409	
419901	
452361	
2513753	
1463996	
43362	
147199	
122229	1325736	1803295	
1463995	
183419	
8104	570023	2471893	2791853	
1462443	
1292798	
1460140	
2551469	
1455711	
3398693	
1455645	
1453941	
1453698	
2341583	
1452653	
3766947	
1449094	3813512	
725511	
1448901	
1825532	
9888	
1523733	3997714	
1679077	
1440622	
1446735	
332856	
1100949	
1445278	
2121561	
929059	3627021	3751184	
1910380	
475822	
918751	
1444726	
2895706	
1444021	
2543513	
1126441	1990662	3427892	3494983	3759467	
533154	
1443020	
4119417	
1442090	3141139	
1000827	
1440251	
1439339	
2580437	
1107863	
1438836	
3128999	
1437853	
3308033	
1260171	
1436438	
3801837	
1433287	
62027	
938596	
1429495	
141004	
899143	3207033	
1521866	
1490661	
684407	
1427028	1515311	2292403	2302158	
1321713	
1655877	
1541403	2077883	
1266579	
1461857	
1331202	
1425288	
3008675	
1534095	
3463047	
1425111	
1423141	
99670	3746526	3916177	
1422401	
1554496	
1533328	
2157	3047	29905	1054726	3811675	
1429883	
1914598	
1421972	
41793	
1421717	
628523	
1418301	
3194015	
1224001	
1417742	
146385	
1417110	
3619579	
338577	
382587	
1416485	
4042565	
1827088	
2637870	
2959474	
3482824	
3213388	
711126	3311132	4106418	
1415624	
2547945	
1414295	2324611	
3083602	
1413639	2545051	3166846	
1413446	
1413256	
2622554	3836454	3842641	
1299155	
1407832	
2835427	
1407000	
1404632	
3354379	
3424058	
194815	
393543	
1402744	
1402519	
1402306	1646655	
1656573	
226519	
998303	
1399496	
1234207	
2549414	
1399274	2397039	2443282	4093916	
1397877	
228390	2457372	
815831	
3438284	
1397270	
2658131	
2901098	
1427113	
971269	
244037	
1388246	3008462	3063860	3093297	
1396104	
1394757	
957347	
44001	
1541264	
2918718	
1393314	
1392852	
1391627	
1770787	
1390885	1406520	
531717	
703845	
1388356	
1655669	
2962048	
17804	2297075	
3898124	
578805	
3691602	
2573084	3286210	
1387037	
2914262	
3856298	
654969	3651842	
1386762	
1386613	
1386574	
3004571	
2267748	
857468	
886685	
3816422	
498727	
1382827	2835269	
1381595	
1542402	
1346942	
1040014	1046935	
1380112	
1372835	1382568	
2130813	
1492880	
256042	
516688	
1363750	1989606	2173292	2269477	2377722	3973240	4086228	
1544688	
1359571	
138993	
43009	
1359502	1770233	3462234	3514152	
3690100	
613871	
877608	
1017129	
921671	
1359015	
1187965	1970489	2186715	3478497	
1357127	
2065995	
244919	
1356116	
1086988	
1373947	2069165	
78547	775623	
3522429	
38692	52161	90678	97454	
1307917	1853023	
121788	
1609357	
1353754	
1353079	
1441126	
3615277	3713028	
2651469	
1787323	
184871	2770961	
1351628	
4029614	
1348334	
2716411	
3413467	
2577391	
69164	
1128556	
1347599	
1334796	
1426319	
1107922	
1343907	2530897	
421294	
339347	509827	2334969	2824458	2845898	
1340235	
386888	
1644934	
3316238	
1140826	
1338109	
2636003	
1573690	
1336919	
1335455	
3715526	
3235414	
1143141	
1334876	
1334782	
3396439	
1370747	
1332185	
3812856	
1199812	3009167	
1330505	
172786	
2782342	
1330203	
1914	
256030	
260854	
1621140	
2362021	
1329139	
1542985	
310171	394204	718631	
1323921	
1328502	
1327164	
1392566	
1626805	
3257911	
1306581	
319189	
1327112	
1293944	2857683	
605860	
1321865	
2360284	
1320002	
1593806	
591364	1594462	4045974	
1319209	
3345395	
1499972	2069655	
1317771	
2163081	
1498908	
1315900	
1314514	
2069819	
4015186	
1313342	3066635	
1873673	
1308973	
1308867	
1307807	2913764	
3675065	
2957949	
601247	
1307711	
1306506	3636250	
97189	
688648	
1100822	2686130	
3674957	
2845930	3001985	
6381	
1385231	
2829392	
432911	
1304615	
1301755	2585366	
1604821	
3282032	
1297545	
1471328	1779261	2792798	
1230710	1660387	3495920	
1143127	
1676090	3174594	
1631060	
3464032	
424175	
1294778	2763633	
322739	1361010	
116973	
1361769	
264414	
843755	
1290849	
1525091	
3577431	
886766	1397258	
1290344	
1289825	
1286467	1323420	
1284613	
1283867	
808401	
1292688	
1282679	
1281680	
1280907	
383942	662299	2406143	2436258	3718688	3899067	4005857	
1246548	
3880708	
1280361	
119818	2462647	
2155394	
916198	
1428142	3280108	
995645	
1278279	
2675376	
3177536	
1276584	2322895	2398161	3307961	3557745	
3874012	
1275297	
1560533	
7730	
1273876	
778045	
1903128	
2606178	
1270203	
1121259	
3800463	
1506652	
83097	
454630	
1269649	
1639527	
2561796	
1335272	
1269492	
1403112	2297290	
1268533	
4050703	
1598097	
1557436	
1552554	
1589332	
1425603	2034097	
1194943	
1268463	2500813	
243827	
775828	
2422136	3358867	
1265216	
1724446	
1264942	
2001656	
856765	1937204	2026440	2297533	2323295	2407221	2455475	3322158	
1264331	
228726	
2899752	
2980022	
1263485	3004269	
2872888	
1032840	
1256149	2194975	
37317	3074625	
2799657	
389731	
951088	
1255042	
4071309	
1548733	
796868	
2608202	3482792	
2797115	
3629184	
129359	
973758	
1327940	
1661929	
619273	1081429	2575862	
3510382	
3396455	
1253586	1675174	
1588992	
3565049	
1253575	
1309018	2180342	
1252251	
1480887	2537745	
466796	
957837	
2339538	
732248	
2658734	
1249682	1250020	
1998715	3871688	
1244203	
1772734	
169166	1486077	
2991357	
341739	2049925	2632197	3070295	3143650	3755274	
2130187	
1243546	
1243134	3756946	
421307	2833110	3715936	3856629	
1242900	
1241692	2350252	3016079	
171242	
3693452	
3387755	
553733	1391995	1455581	1741471	2471247	2565709	2585359	2613827	3026713	
798506	
1923752	
235978	
592902	
1238234	
285808	
1236038	1250180	1445163	2292763	
2757965	3870063	
1005400	
1233991	
965334	
1469239	
1232301	3464796	
2912443	
1043596	
2750821	
1230638	
3849847	
31552	
1226695	2793179	
2240659	
486573	
1225802	
3636630	
1224222	
1223766	
3198269	
2892969	
2849267	
1221915	
620837	
58376	88789	438848	545555	590610	1448189	1656271	1883515	2266997	2282688	2323326	2351793	2351821	3183837	3245631	3605468	3653278	3656715	3660197	
762123	
1214380	
2691305	
842228	2203282	3686358	3724485	
1213998	
1213814	
1208125	
2675030	2723494	
1207641	
504749	
1207096	1794042	2060293	3253902	3770470	3798238	
2413329	
2702331	
1206977	
480068	
1488895	
1204246	3950123	
1203164	
2039124	
494827	
1531997	
1940494	
1267225	
1628847	2433812	
1183494	
1201295	
1962782	3356057	
3238956	
244758	
1097220	1325914	2177645	
1021627	
87935	
1196033	
2688663	
503176	
1194946	
917600	
148808	
1192960	4116923	
1214343	
633266	
1189964	
388072	
1652790	
1188207	
564148	
1659186	
206506	1976937	2455776	3552267	3663760	
1419318	
1189174	1519066	3049678	
643320	
1188698	
3997345	
3392669	
1187756	1578869	2727075	
1187430	
2179394	
830641	
3645569	
461609	2811420	
1185930	
1185829	3393050	
1182113	
4043808	
1415062	
1165313	
1178109	
2823324	
903535	
45606	248220	1736202	1797555	2833037	
1172807	3925416	
160405	3728070	
2851830	
1391721	
3654488	
1167486	
1769403	
1479003	1883613	2176894	2767273	4012244	4045032	
1663102	
1029278	
2577994	
756607	
1161697	
1159819	
847393	
337414	
2624523	
1158810	
2476488	
603883	1478483	2519417	2596569	3095005	3100602	3677694	
586385	
669158	687091	1154317	2237993	4003618	4085598	4091150	4105776	4110464	
4015717	
1356919	
232897	
945563	
370598	
1157976	1323742	
1157104	
1156093	
3560663	3676357	3710642	3748899	
1593979	
447667	
1152750	
3506221	
376946	
336030	
129097	2504807	2770792	3215290	
1151221	
1756534	
1451785	
3898612	
153923	1050251	2083173	2107272	
1149857	
2300298	2368564	
1501708	
1148587	
2913570	
2493862	
870166	
1897229	3773379	
1207155	
1146856	
2814135	
4115277	
341187	2447270	
1145253	
135254	
1144270	
496049	
3004262	
1142458	
1141910	
4023056	
286744	
347558	
3628357	
1446485	
1141509	
2374030	
1140233	
2845100	
152047	1316775	
491626	1113559	3367205	
1138222	2460086	
2949753	
1533482	
1324944	
1312634	
1137702	
1094363	
1135637	
3801538	
1464513	
2846783	
3548364	
1133695	
1131789	1583837	2487112	
361282	
1130877	
1129948	
1129499	
3958480	
1479702	
1045197	
1126975	
1124469	
300493	
1124122	1825416	
1911938	
2791501	
1122745	3932423	
287275	1821048	
1759448	
605062	
4401	1946704	
1611219	
1120736	1599181	1818540	1970002	2601474	3121666	3901966	
3695998	
2977807	
1120715	
3047451	
6305	
1119774	
926225	
226390	
1118991	
3779401	
1710411	
3556314	
1398860	
118210	
1685544	
1118533	
1716163	
1116632	
1099862	
2497495	
3774259	3774279	
1509839	
2196843	4071972	
1114672	
3119890	
1114469	
2898563	
271737	
1113937	
1112778	
678422	
1483908	
2612793	
588740	
1714916	1881519	2717471	
2587941	
178830	
3765123	
1110396	
131470	465365	1810665	1903382	3204726	4020824	
1107992	
3987446	
3700415	
1106209	
2724568	
1387875	
1100034	
877924	2603470	3843498	
1099303	
1098939	3192726	
3078647	
1098167	
780246	
1097708	2825245	4076303	
3505423	
65136	109834	427004	485613	736120	783200	844754	935618	1323454	1491899	1658909	1694437	1726295	1850506	2234762	2244394	2255789	2262882	2379676	2405823	2418230	2827376	2923920	3279734	3916448	3949124	
1096926	
4054755	
1698255	3218492	3669851	
3948982	
509183	546203	556624	721279	768432	775813	846717	953496	1648815	1713902	1763789	2226502	2230958	2249752	2277922	2295448	2308748	2336454	2343696	2345137	2355709	3154831	3238470	3286144	3316849	3356574	3502101	3570670	3669035	3740288	3895062	3917023	3926195	
1094265	3542900	3727979	
462627	1530363	1736495	3904623	
1093663	
36171	
1588165	
1092006	
1091077	
1090754	
675295	
1090169	1970480	2327615	2650294	4085521	
732900	
502209	
1086575	
2953279	
483811	
1086090	1378757	3423281	3446824	
1016291	1349938	1833986	3408272	
2671629	
6271	
1086028	1629152	2367329	2398289	3453222	
2967438	
713716	
1730204	
1713022	
1082363	
1080562	
1342991	
1476829	
2148835	
1325700	2224415	
3221552	
1079918	
630458	650836	791092	1066454	1108691	1694746	2298467	3270102	3301112	3362224	3523597	3588991	3801736	
1077901	
2557234	
2394424	3300284	
894968	
1238595	
399034	
1071167	1988689	2596980	
1071093	
1069201	
1067175	
3743988	
2698534	
3526254	
1357527	
3115247	
1065017	
1063251	
1050916	
3949582	
1599823	
1459104	
3107013	
2509727	
1059965	1348763	
1600465	
1575292	
1059812	
1651721	3299572	3385035	3739253	
216945	1285300	1995884	2438653	3039212	
1392882	
1770722	
1059422	
1058574	
3079790	
995910	
1094564	
951012	
21032	
1301331	
1058288	
3957007	
499885	
1055782	1236724	1669043	1805364	
667036	3646662	
1054605	
420513	
3212526	
2399974	
3080366	
1314457	
3063604	
1272185	
1053323	
1052487	
1990972	2033069	
1052159	
3998538	
144479	
2696683	
3316254	
1682824	
1051959	
3365210	
378926	
1051458	
1049819	3418589	3542446	3850115	
1538864	
2753196	
1049217	
610162	
698278	
1048983	
4041514	
1048765	
1048436	
3506142	
213856	213998	
1045116	
60811	62302	110148	186442	376750	392087	570827	699201	717894	857641	1068508	1489225	1725672	1779825	2205430	2305096	2339619	2373265	2374690	2376643	2380132	2855924	3443379	3504330	3611356	3651020	3667860	3691040	3724656	3961159	4112584	4117649	
1212802	
942638	3581093	
1044331	
3868457	
3508954	
5467	
1112150	2916481	
3421136	
868664	
2546592	2797802	
1042948	
466343	
3744797	
1042159	
31043	895343	1314029	3250453	
875665	
2386401	
995524	
1654686	2144061	
1040675	
2550171	
1040669	
2303275	
1903845	
1351684	
1677077	
1039684	
1039671	
3070656	
3627857	
1712775	
1038064	
975598	
1597888	
1424303	
1035130	2894039	
1035013	2937714	
3355378	
1033608	2090717	
1032056	1144504	1222049	1326225	1394331	1628782	1762579	2141085	2584433	3034071	3072498	3175997	3487898	3610270	3697229	3852046	3917510	3919364	
3778665	
2985735	
3516268	
738497	
1027652	
1026699	1453436	2610276	3326081	
3725980	
3893662	3922680	
3464241	
287030	352520	416794	723836	1170294	1215415	1438563	1624305	2065770	2643677	2950061	2981337	3516933	3656297	3931203	
1879801	
3345157	
1023036	
1022654	1506817	2602725	3343038	3821371	4060700	
576054	596780	2010051	3445483	
2626689	2692148	
81829	113152	1472404	1974348	
1021447	
1382271	
2014996	
1020018	2535375	
3187530	
703360	2119824	
1019083	
2846072	
4063731	
481255	595821	743813	776023	986671	1087354	1221005	1223596	1431631	1456600	1562699	1649874	1790794	2190669	2643264	2701733	2722070	2962779	3038293	3113242	3117050	3736762	3823829	
889374	
1018585	
1018214	
183129	
2648887	
1016797	
1015756	
902792	
1015471	
3260907	
1013717	
3893267	
2763	
1588678	
79499	
1092583	2509453	
2149207	
1010542	
882017	
1008922	
643684	1486768	2784915	3388276	
1008303	
3027989	3105188	
742652	
3007553	
1007851	
1440579	1741212	2271935	2337772	
429240	
1007179	
2671958	
1004183	
154366	
1003024	
1187062	
3177990	
1000298	3411932	
124486	2505526	
998582	
3682308	
979159	
3071546	
996522	
1224725	3125635	
2546924	
994121	
992612	
3079128	
992324	2197879	2390354	2419845	
52997	
987765	
1915227	
1749106	
987433	
1936211	
3484545	
985351	
25193	1698106	1941538	
983205	
745084	3816883	
1514896	
980769	
1301922	
1332477	2713403	
980233	
1641214	
801391	
979802	
1092874	
1908243	
3329887	
979668	1119165	
3644715	
2874960	
2205197	
3090505	
1339108	
978758	
4086042	
1067280	
1454910	3848320	
2513479	
1299414	
177146	1119094	1289950	3724126	
251615	
977673	
2687658	
977541	
3081650	
2817085	
1704139	
195931	
868400	
1189297	
689843	4110591	
130873	170423	1523698	
1088190	
759246	
1380258	
1299403	
973945	
1062809	
935199	
971904	
160147	171513	
192964	
380045	396224	
1575776	
818301	
2313707	
970293	
1962694	
2846134	
1408936	
966651	
2654138	2925041	3356076	
949697	
964714	
963727	1053729	1053932	1063121	2010919	2053103	3191078	
963657	
2951290	3006452	
2907842	
963243	
1249501	
1252890	
623291	1925304	1946031	2943686	3607573	3682324	3819694	
962855	
960545	
2195898	
3772581	
2807564	
375890	2631460	
959017	
1133836	4030857	
958446	
1158149	
669322	
580730	
956499	
953693	
951896	
950794	
1118483	
950497	
1664747	
1462649	
265444	
1083196	
948990	
3351834	
301462	
2113539	
2060148	
948683	
527019	
948630	
1825372	3927555	
3660989	
948081	
947565	
3670382	
1022967	
944098	
682577	3365527	3413019	
1639031	
2085017	
2740111	
421198	
1281795	
650892	
2020456	
1921481	
941335	
3618032	
940557	
939454	
1032669	
1370144	
261157	
1577760	
935382	
2072449	
433068	
231354	2644247	3597322	3864597	
3115097	
1425917	2493453	
1711323	
934564	
752743	
2112095	
1637032	
1290698	
530174	
654274	
148764	
933318	
932145	
2234641	2791715	
931833	
1337534	
3786717	
925583	
352455	
925495	
40445	974599	2639561	
812830	
1154714	
1579937	
1876113	
925153	
539871	
116587	904769	
1078386	
924630	
1852974	
1306096	
137054	
2870485	
1725533	
146607	
922815	
921799	
919411	
573997	
2879129	
2710084	
2295046	
918162	921723	1923803	2631805	
33877	49958	1482349	1637819	
917437	
307069	
916429	
1122790	
1998722	
243483	1832727	
914629	
2965210	
914400	
197691	
354708	
913823	
3465955	
912718	
348185	
912073	942421	2651485	
3760128	
1752217	
565712	
910332	
3040306	
910018	
908414	1193938	
1774643	
161133	
1519639	
4061062	
1675946	
2062888	
837546	
910290	
106873	337106	1695616	1830273	3012062	
12903	2415721	3393345	
2075589	
907584	916215	
3055995	
2057268	
1673885	
279110	
906667	
1922391	
1041147	
471924	
641005	684654	1058849	1874401	
906662	
208752	
902568	
905680	
475656	
924678	
1506477	
3501247	
2858942	
1324183	
336807	
1437565	
1431982	
2514263	
902740	
747570	1201216	1205587	1445769	1577981	1638267	3025719	3337227	3381394	
901050	
897550	
896759	
893507	2317201	
239765	
893380	
3194557	
408536	
29430	
1313293	1553162	2120822	2905599	3369473	
1690139	
1429719	1609208	3829726	
2095651	
705319	
2286288	
890444	
840677	
247760	812161	888050	1100780	1539135	2991299	3355215	3831912	
890040	
1577641	
887511	
1075791	
1002504	1932258	3746636	
939834	
1842440	
1091654	3499717	3664294	
885997	
883877	
338603	
3135793	
3214077	
190058	
1188155	
881971	
2382342	
408498	
96374	
2666200	
433063	
1336728	3118854	
3791505	
2463576	
790667	3720311	
881368	
89494	2842132	3220945	
3759626	
1872189	
1377915	2580249	
901709	
1418907	
511325	
880371	2930698	
2016222	
1073154	3955006	
1408478	
1383328	
880229	
1203679	
2087465	
879972	
878659	3635290	
3917276	
708917	
46009	
1319243	
877894	
877421	
318951	1522027	
255342	2251020	2276575	
1888152	
1296487	
1448604	
829237	
4107835	
1513706	
876482	
589049	1653681	3307917	
2566482	
1011076	
830173	846275	1216427	1452672	1497257	1821765	2020400	2046406	2059852	2059920	2078087	2145137	2170063	2193580	2633309	2980220	3011127	3068188	3074008	3134441	3162061	3170296	3428190	3453980	3726828	3803728	3876214	3889416	3970703	4083851	4110082	
897367	
873948	
873148	1856238	
872764	
1982972	
871837	
1298818	
35347	410137	986200	3582776	
560273	
225229	
871360	
1325869	
870648	
1910609	
870303	
2017010	
869538	2907180	
3182661	
1167776	3816640	
1555905	
3868701	
1339816	
4116976	
868285	4029418	
1539547	
867925	
1008866	
862918	
2539668	
2471891	
861251	1671130	
1611857	
336288	
859953	
858954	
103389	
857306	920769	
889360	
182331	
1650015	
1189606	
853317	1457872	1609268	2222174	2256060	2315656	3317443	
852659	
1698515	
1981300	
1730606	
852290	2033902	
473562	
1711582	
3334338	
2410782	
1849531	
517150	
1167957	
1146918	
691601	
242670	3338344	3855547	
848186	
91983	
847212	1665387	3042040	
1171338	
2587191	
846366	1615835	3636922	
3391821	
410812	973536	2618272	2687488	
2705282	
106058	641962	729680	800161	1295532	1877750	2318829	2958172	3519159	3805419	
845662	2029641	2706152	
18845	
1446915	
1642337	
2646312	
584359	
801413	
842185	
1698884	
1050230	
1531116	
1561598	1576448	
29822	1878920	2655366	2948629	3139187	3157163	3828713	
839822	
839303	
680870	2326465	
838984	871087	1679815	1720089	3627709	3671791	
1539418	
1471296	
837959	
3620599	
837214	
1862194	
3834462	
836201	
2040281	2761145	
834141	
3851353	
2045805	
833543	
1132691	
832581	
53207	1486685	1580132	
2368384	
830346	3620826	3715895	
1153559	3480652	
315018	4049166	
1357038	
358097	
957568	
829785	
1588974	
829144	1937523	2014017	
205415	1862792	2382999	3526734	
1670999	
827945	
742959	
1939594	1987081	1991885	2207915	2344662	2464644	
966759	
826281	
825349	
366924	
1809999	
3926812	
824810	
1875495	
1849169	
1414845	
1913314	
816680	1873398	2134810	2250081	2368083	2384597	3586289	3929677	3980108	
2826390	
70983	
101878	
816173	
3216950	
146500	
811998	
3249292	
1519270	
2119459	
3252455	
1497018	
809026	
2106281	
1870339	
807564	
3624120	
152320	158794	585402	2107338	2531590	
1023724	1075125	1083346	2821318	
806604	
805619	
3056288	
109112	
3461405	
2850640	
326824	
2126669	
1364005	2196910	
798920	
3528119	
798432	1940255	2392868	3961995	
594504	
1420800	
793258	2834350	
912159	
406227	
2921705	
2018560	
116218	
3805638	
789701	
713180	
789336	
788975	
3304118	4050954	
69215	
600512	
786985	
257207	276130	546317	1168368	1168982	1193984	1210851	1365104	1558589	2054520	2667203	2825798	2826018	2963022	3026422	3098662	3151846	3181715	3777918	
786879	
147257	
91368	1657234	1937366	3467125	
2276706	
2098704	2355551	2825047	3412105	
929893	
3254434	3668780	
1425470	
1749970	
397266	
3299740	
670013	
665113	2866130	
2034260	
783310	
204336	
163109	
28919	
433072	1474358	2274189	2353372	4060791	
1717293	
782542	
1231708	
2006419	
10320	
591867	
2120780	
2813913	
2907369	
1194244	
780320	
77906	
584156	
661764	728942	3246432	
1317690	
3796055	
777542	
1589259	3061040	
711084	
3637890	
533333	
1513179	2557563	3447739	
3198564	
572305	3024179	
917602	
771201	
359098	
2429984	
449371	
1640851	
1716421	
1476848	
692152	
648150	
763351	
2351190	2369539	
383972	
758427	1253159	2216043	
271432	
335932	1738276	
1231595	
486519	837711	1098314	2014259	
729787	738084	1882727	
3431048	
3077421	
2155148	
183740	278426	2299654	4101073	
3773407	
3563738	
756308	
834148	
754209	
1601719	
702170	
45180	
753670	
862713	2135229	
2567173	
2485053	
1151654	
752149	2687174	3473803	
2621036	
751701	
3713266	
1140623	
2009434	
1065008	
747795	
1373098	
743193	
385436	
469352	
742756	
476633	
667088	
739831	
3306437	
739346	1405147	1509997	3354412	
2768261	
1360743	2634222	3103610	
595160	
733246	
1279980	3773218	
319495	
1221367	
3872718	
2742558	
760215	
727318	
1778171	
1239506	
722225	
1794090	
113446	
467875	474410	2551645	2584574	
721836	
1406226	
972188	
294287	2292139	2853208	3646489	
721367	
3706563	
84805	
3843397	
616854	
1226944	3620379	
598499	
718095	
194010	
3865706	
717860	
3394862	
1031105	1086216	1207051	1216870	1265776	1416378	2038033	2166798	2657490	2946909	2955446	3105833	3332159	3918957	4006177	
255542	
715052	1065101	1833819	2398566	2842818	3707241	
384222	
2954461	2965522	
713101	
711390	1945649	2311795	3304615	3878133	
710618	1264245	2073376	
3193406	
1364715	
450938	
705714	
134155	869193	871622	1669770	
519781	
704345	
2445061	
2692295	
3684048	
3679651	
313488	
284431	
691075	
2502159	
4118446	
1234883	
1009615	
926827	
947979	3324666	
692985	
398772	
1589662	
688448	
1768779	
684557	
2172428	
293219	295560	1621866	3842383	
2445258	3106911	3890169	
755796	
3913751	
1568411	
1564545	
2115206	
683301	
2441100	
982325	
139583	
680607	699673	2402806	
3009867	
680068	
3425425	
2660054	
2329847	
1548244	
679284	
667667	2187791	2516207	3161748	3196276	
661709	
982729	
544410	
320269	3370866	
678488	
677058	1829280	
2027056	
365824	1553051	2712553	3018660	
698587	2866699	2868575	
96121	
1494313	
823725	
673982	
1768756	
672883	734845	1266273	2014397	
3758732	
325066	
672577	805523	1207447	1602138	1988119	2512733	3072907	3179091	3332679	3471671	3474714	3484557	3733019	
625189	
671423	
219010	
3852320	
995007	
670663	
755903	
3458198	
1037587	
123218	
668528	
310365	441687	1475277	3265500	
3637532	
263027	2201416	2716595	3092760	
666790	
2751320	
810951	
152639	
42404	
665828	
3965858	
664866	2837007	
186598	
616255	
231898	
3659176	
655010	
403470	
367946	462151	1183454	1320371	1404782	1589053	1695162	1827934	2435258	2658888	2953698	2974471	3100326	3115578	3124850	3127677	3134801	3165218	3174908	3435817	3747338	3787941	3915164	
651921	687176	708183	
1235092	
3598728	
650949	2301134	2750690	
3130676	
3252270	
1669721	2554830	
1258496	
214978	
648045	
2670534	
2146417	
647039	
3269857	
2583593	
447159	869002	1597955	1598092	2020929	2833687	2839212	
646856	
251036	3986044	
480284	
3206764	
2151965	
643999	
400339	
757065	3294340	
135503	1308997	2950625	
12320	
641821	1697523	
55380	670495	957389	1432874	
335872	
214594	
480319	540311	661172	1047435	1232405	1261306	1499007	1698765	2113828	2209841	2244318	2402908	2781800	3321843	3637858	3662244	3934003	4007853	4008495	
641595	1473209	
2806328	
1088723	
640969	1806086	1879615	2374480	3438483	3813063	4062318	
1111280	
3585250	
436129	
610483	701024	
639570	721351	
3101001	
488600	
1109098	3347353	
1077440	
634152	
3739690	
30670	1790697	3142099	
519653	
279837	3095176	
633954	
2365185	2402082	
633723	3655396	
230525	
1122547	1614950	2518559	
32929	
633363	
1568472	
2966197	
218762	3832312	
822900	1247636	1265745	1360316	2583422	3374739	3644007	
3115724	
3900826	
2008381	
1230238	
44238	185799	515412	634246	661479	883139	1894197	1933873	1965454	2459240	2785777	3285888	3296535	3552235	3576302	3698483	3736857	3760353	3935092	3938411	4008324	4025821	4098185	4098645	
1044579	1153780	2490891	3488821	
2498853	2498907	3193582	
1268637	
1156056	
554595	
3886008	
3649675	
2871319	
1405435	
626497	757769	1784945	2068590	3188660	3781952	
626116	
1537011	
208348	
3649595	
624147	
3349055	
2536169	
622630	
2661914	
1498926	
2022817	
2740702	
619648	
945299	
617165	
1416572	
614942	
1480261	
613855	
2786096	
413236	
3237855	
611069	
2752682	
91284	
1442905	
483775	1654531	3825958	
3825907	
609856	
1423981	
597971	
466063	
609687	
609300	2772266	
1142884	1352496	2552812	3592037	
3106201	
1609945	
607471	
1530459	
325713	2836922	2868836	
2769576	
1186259	
1375007	
3718883	
415716	
590765	
604848	
187237	969993	
153866	
782458	
604736	
1483576	
204291	2670609	3119635	
2516070	
465035	2733789	
3572350	
603492	
1696498	
959224	
485512	
3195896	
602464	
1002944	
752767	
1015355	
598994	
1244423	
3589505	
191664	
194484	
2554205	
3307487	
1124383	
202401	
687218	
2885678	
84712	
590384	
589954	
2671052	
1955715	
1970198	
669802	
981589	
777260	
588635	776540	942108	959303	1080448	1858996	1926379	1962236	1975052	3306808	
3912588	
3430606	
196208	
588315	1305290	3935357	
182628	
3387489	
3013605	
2745159	
1448799	
430725	
587313	
3441821	
585312	
1298927	
3775252	
3979188	
1076292	
3918249	
791655	
3578430	
2142295	2729790	2763851	
312949	742121	748270	1131113	1150864	1178966	1227817	1429786	1628392	1629965	1892372	2813189	2829402	3020877	3038453	3062326	3075181	3082147	3109035	3178585	3179595	3208246	3369587	3729584	3874496	3914151	4000754	
481910	
1063290	2624953	3260665	
72123	353820	557406	790712	1122707	1175737	1439768	1802588	2469557	2591310	2766950	2951159	2990518	2996282	3183051	3878514	
130153	
3677107	
581599	
893138	
227154	
581470	
961668	
1170334	
1167074	
580891	
2097672	
653914	
3527046	
820795	
1571692	3684040	
594363	
151083	
580824	
1938477	
1331688	2442881	
1978140	
1278216	1402600	1651750	1685829	2388582	3061136	3417852	
863401	
580150	
579766	
3027323	
383395	
1724262	
73525	2697826	
444078	
3240016	
56401	340162	405673	428620	655718	787368	832135	905234	1001269	1009225	1040009	1487149	1675178	1711703	1905637	2204039	2267532	2291731	2363753	2387635	3017267	3201680	3241829	3271830	3294075	3316559	3375336	3495307	3501468	3607931	3647267	3857986	4081976	
2198194	
2002024	
579546	647768	2547947	4102049	
2379010	
162074	765956	999028	1517549	1523342	2012477	2830660	3376876	
2290210	
576483	578465	2679137	
1425067	
2893536	
575382	
573348	645956	695061	727027	851252	1336495	1933184	2237829	2245213	2318302	2330579	2400511	3314527	3344977	3912396	
3166105	3871923	
116330	
2974602	
2197501	3260612	3577030	
476121	
416121	
285393	908749	
1648561	
215101	
568528	2055265	
1232710	1427260	
568103	
1261488	
919913	
567829	735499	2115138	4092968	
1665895	1729950	
3373565	
566223	
563800	2619787	
197836	1291341	
191361	
582385	
199097	
1463815	
1405698	
1167735	
1076681	2232259	3403366	
650567	
563157	
4095696	
2462703	
4077165	
782260	
561953	
560433	647063	693364	801969	1099925	2103071	2339971	2371000	3251680	3287134	3658124	4083319	
3622883	
2571593	3305855	
828782	881238	1729819	1739099	1959530	2095048	
1285512	
3908547	3911223	
559606	
752937	2040660	2846791	
3487867	
2534132	
558140	
3958695	
827117	
381082	
427152	
556592	
1309596	
1050592	
555916	
909764	
1456372	1719771	1755310	
551094	1865409	2085159	2132979	
262843	1384947	2448011	
2829056	
550306	
3736522	
3791995	
1865387	
742249	
40537	61779	
1894066	
548294	
97784	
546859	1694326	
598626	
172712	
484016	
195696	
1645446	
543817	653614	2134887	
2000521	
1316343	
1784373	
357702	
1009729	
542000	542613	680765	1827547	2545157	
506804	
540569	
3208812	
539962	544516	706831	
263032	
1130496	
538519	
3463222	
2418905	
2354012	
988374	
3445731	
3365055	
534843	
566045	
1704953	
534517	
534202	
2929227	
534022	
3797762	
2856307	
531558	
695042	
1300807	
2705273	
530556	750316	
1284121	
3806274	
1610810	
957609	
1414430	
652419	
3568540	
3450737	
525277	661385	816445	992932	1202642	1383426	1716207	2469803	2539581	2745707	3068545	3088678	3163152	3165666	3419166	3757794	3787501	3795636	3860466	3935572	
3352937	
741963	
2681796	
65234	
522133	
3346782	
2614522	
524707	
784300	
524439	
2832103	
1083048	
514875	1208853	2384892	
522388	
208848	1272267	3357614	3495993	3621247	
517432	1811613	
686277	
3482001	
3036370	
3034108	3142171	
2168069	
627948	
4092470	
3432566	
2728160	
1303439	
514675	
1837718	
167976	
235617	2085494	3966131	
4079797	
4031400	
3054710	
510840	
792995	
279697	2091475	
3688999	
1916465	
2078374	
507844	
15505	
840125	909806	1480179	2096340	2181546	2340302	2348694	2391903	2473536	4107220	
138021	
505430	
1777616	3041996	
2914166	
1770553	
185256	
3077584	
624443	
92171	614821	1274197	1504480	
148692	
502039	
421184	
475201	
3164354	
689904	
855795	2172306	3028326	3228040	
3280013	
498745	521456	
3442289	
1161068	
3741643	
197993	278229	294633	794361	808864	1208781	1220134	1268582	1383915	1391551	1754169	2013288	2561107	2802437	2988359	3393643	3429653	3779609	3816174	3829202	3971603	4114632	
498358	
498187	
482396	
3953106	
661504	
3722571	
3433252	
496930	
1230033	1358582	1405813	1603311	1644336	1907616	2571648	2593175	2715336	3113622	3355622	3678907	3794758	3878428	
1537931	
743104	
1426101	
3498049	
495446	
2573019	2692301	
547332	
2919777	
237303	
328512	
494907	
3659889	
453043	461366	515339	2806187	
1793851	1911056	
107151	128376	414167	
2907166	
490956	2322914	3253642	
2478951	
489562	
2977943	
487177	
2732501	
486032	
3948641	
484146	
1660540	
219806	227278	
955122	
3411222	
2485516	
939516	
355077	
555092	
373197	
4080357	
449987	
1567218	
2867174	2869310	
1017460	1361729	1608739	2614651	2855118	3043397	3053722	3904602	
602818	
309298	395353	868631	875197	1118616	1479632	1731409	1763134	3585089	3626358	3629372	3685362	3742524	
3940746	
473357	
4100802	
732385	1343987	
350720	
2976356	
27223	195829	
3899695	
1050699	
2354719	
650378	2467046	2878536	3914258	
3406142	
471655	
59866	3918384	
364044	1433014	1920173	2274739	2304349	2331548	3262308	3538605	
471544	681788	2403341	
1404028	
2554379	
381231	1882508	3480655	3821265	
2547745	
171538	
433256	
434775	
470008	
1142152	
1314924	
467684	
3232044	
466673	
2368602	
1454638	
1495411	
86754	95718	2849388	
2414946	
33458	
2620830	
490865	
2643542	
465554	
3987569	
609915	
2082840	
1286456	1318943	
134177	187602	2456626	
1658730	
777982	3443342	3566279	3672193	3715909	3741012	
4107433	
1127408	
906255	
464773	
58895	
2862337	
1877452	
3023766	
3832689	
423623	
2923881	
460038	
458814	
1373806	
1156740	
393037	
482488	
3877742	
457996	
2840240	
457421	511444	1077331	2993126	3096818	
2461803	
455717	
1499922	
330395	
3369488	
482803	
282549	1473042	1652111	2200222	
328757	
3101228	
455565	
448977	
454798	498719	
607997	
3891351	
2794259	
57237	
647304	
673430	704648	
4033654	
590997	
510045	
683827	
3982576	
2824218	
1738526	
4033846	
451955	
526862	
74841	
1573627	
1628304	
3722649	
1217730	
573817	
219072	
227746	1262743	1927079	1976663	1994146	3588198	
376617	
450635	
2374118	
1374511	
3231449	
447734	
2065454	
1155603	
103031	
443625	
652183	
2283518	
1694439	
442682	
2612881	
618662	
442626	
653867	
442315	1610221	1999668	4005484	
111803	784087	
3953812	
329462	
2784343	
4094603	
29056	
440520	2841669	
3151986	
3168209	
245394	2899054	
1170194	
3031143	
767827	
970370	
1011272	
2451139	
439641	
111824	
1455857	
439347	
990430	
1722510	
788594	1738195	3693056	
412086	
2208921	
86977	
466028	
3023082	
439337	
3972590	
1110914	
439118	
435142	1819033	
435101	
2939792	
2073138	
634742	
2586459	
579638	
803133	
278327	
433091	
433078	
1435762	
3158671	
1167933	
1133180	
128717	1006862	2720247	3768305	
712726	
3921517	
2371566	
2859325	
70667	
1535984	
2381980	
432620	
2705881	
869574	
432163	
288520	
170066	
430253	
229257	326421	1038111	2583761	2996924	3120540	3828010	
3168127	
429315	
427465	
2260862	
1664516	
3591867	
427279	
203620	1599089	
3822808	
4793	
425640	809018	1559696	
3757969	
1635860	
426034	451619	547447	667563	685998	787080	1684341	2084935	2104493	2204324	2249963	2357064	2378590	2401755	2419385	2866542	3112814	3315086	3390602	3612187	3635804	3706305	3720001	3877903	3955653	4001170	
3592564	
425518	
2761338	
2673177	
1018098	
424449	
202275	
1989222	3599894	
1095375	
351118	512927	714786	716945	1345955	2247732	2549804	3435061	4071669	
195467	246292	260211	793656	1080588	1247919	1300853	1367107	1392544	1393429	1418075	1491907	1789906	2810368	2980000	3087100	3125993	3465606	3886975	4108930	
3678986	
422371	649797	705963	709814	965098	992031	1222105	1649647	1847230	1865673	2135433	3750398	4115869	
422276	
421978	
78551	
1617035	
1585580	
859497	1077973	1983494	2444484	
1443712	
662038	
435900	
971521	1260824	
421037	872919	905526	2596800	
420188	
2517791	
2096915	
936972	1938093	
419094	489196	1075225	1085945	1793019	
618615	2795963	
141749	3999775	
418086	2574735	
866141	
3792632	
418047	
564480	587279	672986	1245806	2227608	2237024	3220509	3350951	
2637702	
417697	3373462	
1018539	
1017127	
417467	
1585721	
1234837	
2200311	
417327	
414105	
2804998	
160590	
261330	
4075761	
1610944	
527922	1139123	1293358	1641824	2130673	4037715	
539723	
2483303	
3322017	
533990	
410361	554302	645065	
564087	3175934	
267839	
584206	
709847	
438016	
1091235	
3983602	
402918	
2039209	
294983	2518464	
3956168	
115712	
400467	
388195	
400452	
3365273	
638557	2287973	
2633618	
342100	
2175657	
399323	1541456	3095463	
1579229	
40704	
698923	
3517288	
1593308	
398193	
621461	
393897	
1898776	
1062315	1270931	2257712	2353582	3382607	
2687746	
392158	
2651341	
2760794	
391210	
3651580	
2196463	
3684319	
390782	922958	1263833	1684357	1854751	3557742	3720908	
3558855	
2035380	
746198	
3679767	
215012	
1308420	
1575242	
3087041	
166060	
3901570	
879089	
3650670	
2809385	
2631807	
2766650	
387846	
37721	85906	108135	341302	438641	456491	637304	647375	655064	844130	855455	1089132	1132790	1489168	1715056	1752657	1923777	2166765	2208030	2401506	2404073	2470509	2905732	2955593	3528940	3741082	3766824	3772795	3889998	3917856	3924839	4108017	
3726025	
2720341	
414243	
803062	864466	1846445	
242033	1596796	1620341	1733713	2934694	3653627	
384475	
1509300	
927187	
145897	1129600	3392020	
88142	
383912	
3219947	
1294495	
382993	
2643865	2967388	
505488	
382780	
3353040	
2835242	
1754047	
3441980	
382717	
3694346	
728828	
381918	509978	
1051234	
3622247	
3223885	
361829	
3470733	
380822	
73061	609873	625710	765876	1097936	1142404	1179907	1186621	1204106	1210190	1305497	1376217	1396381	1418748	1433257	1442154	2520579	2761909	2992809	3066457	3407515	3451294	3894602	3915017	3930200	
2993960	
850553	1587599	1663956	
168859	
2812900	
440557	
857622	3418467	
380126	
1253934	
350086	
698404	
1484958	
295512	
188589	
237852	
485447	
868774	
372909	
371956	
797470	
368308	
2665780	
2612962	
1300112	
843831	
1330345	1810377	1902695	1904415	2373531	4086609	
307302	
174079	
363326	
11020	2391211	
1468398	
1581362	
141548	1045292	
241664	3610575	
361589	
1417214	
3664816	
3763133	
3152509	
3363468	4054480	
800521	805685	810938	2474516	2478787	
3194829	
649216	
3341438	
2950500	
1502805	1828864	3882068	
268824	741405	775766	1178079	1183462	1264048	1398416	1430849	1431150	1572763	1620171	2081821	2494140	2563208	2643029	2666260	2762592	2765442	2775939	2973748	3011798	3099743	3819026	3843060	3899240	
325842	
356842	
751577	
3355347	
359077	3034890	3547965	
2539843	
355019	
3799764	
1075804	1672787	2331286	2347187	2508950	3073783	3319132	
856079	1729744	
20624	
1695980	
1885923	
315239	
226240	1818189	2106056	2704724	
1750577	
2648773	
651513	
86616	
354652	
890254	
2601035	
465046	
160866	1136815	
1361047	
2424995	
416589	
521954	
231797	442782	2039238	3348463	
1030311	
345741	359946	463518	1544894	
545265	
1215549	
1511572	
3626422	
602057	
3220917	
343253	
367238	383510	
2912019	
41572	
340776	
281063	
3090117	
2198099	
425722	
1644277	
2807792	
251535	
3851173	
2567806	
80534	
3384157	
337433	
3833208	
2726918	
335675	
2966169	
1485404	
100309	
335490	
503381	
3766662	
554187	
3842278	
160700	
1315374	
2165300	
359214	
248794	
329449	411362	2653082	
3779447	
580075	
1766346	
323392	652902	685997	1961075	3320978	3897014	
336585	
606414	868593	1744581	3543103	3658983	
2125331	
1247190	
2087677	
607043	2738247	3423524	3562800	
3445	252332	1135317	1975385	2038621	2113542	2258402	2266144	2380312	2416879	2437619	2476207	2503906	2786923	2832332	2838043	2952172	2982435	3150178	3200821	3308758	3322081	3533671	3556198	3569133	3604808	3691905	3857330	3929750	3935365	3994263	
3624136	
17705	2369439	
328345	
71204	
1442590	
3774094	
2381299	
1996466	
324730	
157678	
1534286	
3533534	
1772324	
923415	
333709	
2636253	
327043	
1911235	
103741	202369	432379	1501072	1502965	1775810	3795124	
37631	1213620	2519757	
320680	400408	555688	663575	771922	1261810	1525688	1687953	1707126	1911099	2230083	2259246	2274989	2807706	2980674	3251508	3509917	3561515	3782955	3868195	3883796	3942791	3952292	3957970	3998743	4003482	
3227411	
347531	439414	
2700723	
1775157	2018846	2353415	
918946	
3476622	
317592	
418888	
575827	
1014173	1023270	1162997	
2587619	
820868	
629443	
844769	1342038	1693571	
3512344	
374343	
2936958	
1217352	
3881510	
744295	
2331209	
345497	
402905	
150717	
1823002	
199923	
1525405	
835703	922250	2074023	2184212	2243669	2256227	2329179	2377831	2381976	3264298	3841959	
818232	
328167	
664040	921763	1493542	2120320	2220775	3311511	3780744	
2199322	
814916	
1301482	
2589565	
845201	
1498002	1625903	
295772	
2555999	
1341555	
864110	
1778448	
1655748	
86733	
357603	
1496307	
1301532	
962706	
405761	
28616	
1959290	
293619	
53210	
1457005	
739748	
4088352	
4072450	
289764	408119	
3106213	
995336	
963216	
288451	2165355	
923055	
161391	3680323	
2643493	
2636169	
2188328	
2171741	
1392039	
862124	
1058948	
3788409	
891791	3188047	
588909	
57189	1825655	
644111	
257792	
342849	
340105	3788600	
2533227	
576351	
35544	117173	657851	771518	1518468	1637834	1699482	1752550	1760896	2355515	2480825	2966861	3152619	3199560	3277965	3339140	3483103	3533268	3663938	3708825	3736805	3739895	
2344496	
1789018	
401470	
157050	
633437	
278483	
546200	
58985	
278330	1043432	1760676	3458332	
600301	
1492110	
144359	
277554	
3327043	
2365949	
781042	
3302085	
992377	
275233	
718829	
1493856	2546636	
2825414	
525728	
3971801	
2523438	
1388025	
274777	
2034055	
596144	
528699	
3371237	
179343	1678299	2457752	3227929	4033438	4035429	
712439	998943	3779649	
1349373	
1361740	3811411	
281164	1202305	3977330	
274628	3241059	3811792	
770461	1740835	
2598801	
1319125	
3741534	
2039041	
273386	
1402582	
214077	
272468	3472722	3473149	
758790	
267958	
2446881	
264947	
263917	
263553	950814	1803584	
2721279	
2100540	
329414	
1012786	
282374	
228163	
527398	
261748	
1006930	
3336953	
361020	
101494	180859	351055	482504	748983	1059515	1176253	1374646	1417211	1421400	1761532	1815425	1855857	2069594	2136310	2457067	2825950	2977303	3038458	3064885	4119515	
261583	
2670280	
908168	
45575	
1386882	
1395656	
13044	
1081062	
3570949	
1435934	
3845085	
160645	
258861	
2995362	
665570	
437007	
257810	
4068776	
74777	
13556	
2219656	
290972	
2425640	
2313905	
419601	
408445	
116152	
126282	
250003	
3932394	
1291266	
1155077	
14154	
790230	2277695	
955500	
3856240	4111444	
322423	
2147981	
453568	
247451	
680671	2880831	
1017834	
225067	1239349	2211715	3455656	3780272	
604344	
1614392	
3473751	
29591	
721262	
1914127	
1340828	
3985601	
1242967	
3684161	
2420933	
17072	
240284	
2026152	
239035	
2635459	
2020824	
269965	572025	1776935	2077441	2482515	2830371	2962411	3110448	3758013	3829042	
1040432	
3081769	
601360	
233835	376098	2320307	2349208	3384440	
114301	1221341	
267807	
1835930	
1416609	
62477	
374477	1977121	
200041	
717027	
3419971	
91626	
91130	
835753	
226094	
243270	
2740755	
211984	2755592	4066316	
3907863	
1923758	
223872	1914898	
3567713	3581676	
1612038	
220424	
1635391	3491025	3845930	
1527665	
219014	
48310	
3476670	
1176788	
2682169	
1543463	
217974	2948189	3767376	
2391141	
1699079	
1621622	
1456769	
319475	3372388	3770067	3922015	3963386	
3124628	
26947	
214753	
247247	
1156408	
441851	
214561	328229	1193518	4098816	
114483	
3656861	
1511319	
2856348	
1379142	
3516592	
110157	744536	749421	757043	969543	1076156	1174775	1453548	1504711	1516080	1777832	1958720	2092044	2805093	2853777	2970430	2995225	3048672	3099862	3122913	3174134	3226116	3619100	
163201	
1934271	
1044690	
3442543	
946971	
174393	1376614	1512965	
210940	
130535	
2967115	
2615634	
470427	
209517	
1613157	
209115	
247914	
70039	794364	855597	
1208914	
205681	2736709	3057756	
3387356	
2628449	
204581	
2710798	
3178638	
891245	
3120714	3419315	
510359	
280090	297317	2557512	
3139377	
203967	
285602	
3808595	
1461866	3712125	
282682	
1006473	
198314	
29663	1010994	2081660	2099476	
1527374	
2238885	
197835	
1616351	
2563932	
252589	
1800253	
4247	2604985	
2219927	2341183	3852100	
586118	1946565	1980310	2080506	3267536	3858628	
405290	
3319849	
345384	
1238130	3431437	
3132121	
1121554	
2610166	
872323	
2986326	
1956914	1966782	3585533	
1170384	
310494	
216216	3549324	
138695	
1636890	
2845320	
1338929	1842346	
1062	2264321	2314082	2369710	3400382	
2674227	
709442	2264373	2529547	4090318	
2674467	
189725	
1601214	
265962	
1087276	2222467	
47842	
3789968	
1756311	
1547058	1550064	1554278	
1614018	
149591	
3287579	
544154	
364576	
427872	
285494	
2451047	
183425	
2762710	
5196	2211510	
183265	
109511	
2613945	
2425820	
2018182	
1058498	1528078	3479985	
1610869	
2794002	
545920	
106491	
673967	2018505	2206756	2242178	2330125	2346905	2773322	3389701	
3233236	
1691013	3293716	3358943	3376531	
3846798	
1898461	
574005	
467402	
1551	
3205267	
651567	
461992	1338565	3818462	
1500171	
1116217	
3890843	
461268	
1603153	
2447343	
190194	
81241	753241	1849305	2058864	2177744	2821953	3293058	
1674037	
173906	416915	960058	1344991	1376866	1623820	1669138	1691004	1829039	2760495	2842808	2978324	3001525	3036122	3088723	3112109	3438441	3827875	3888254	
173346	
17367	404988	451605	509096	562719	787627	845940	852137	1662182	1932800	2267440	2274662	2291756	2354759	2371378	2391902	2451679	2845032	2848235	2973786	3247389	3259828	3382874	3511878	3549890	3580989	3601798	3650012	3866378	4086097	
761356	
84842	
3834133	
160965	
2933878	
96071	1054965	1168594	1176613	1220922	1259939	1260241	1409421	1423451	1714123	1757576	1773139	1951246	2458672	2565204	2576488	2637883	3004997	3040533	3107427	3108239	3109770	3131948	3165320	3307657	3404836	3758737	3923873	3988740	
3097934	
2841609	
1309758	
989606	
100026	
170554	
342337	
601006	
3245076	
841534	
170274	
3427250	
165166	
132430	
505948	521451	
1719590	
3643384	
3318940	
125944	172236	464053	1775192	3085484	3546958	
1844291	
301871	423294	542387	2327577	3259394	3364551	3844758	
169803	1212939	1786236	1982503	2744345	
169624	
3771023	
1195220	
1227387	
577612	
2899338	
263482	285690	746301	1107552	1116763	1163549	1167483	1169961	1173508	1196501	1204135	1457243	1574606	1641631	1728557	1820407	1997002	2046952	2051844	2188137	2553237	2746935	2991939	3057504	3158660	3462080	3897024	
1329276	
249028	983717	1548382	1932899	4058334	
1792185	
603962	
657132	3468633	
622443	
167691	
1279177	
1977341	
1083778	
1146414	
166717	
3310722	
625331	
3401872	
2290410	
367287	
165052	
2049415	
164022	
562747	
1633744	
2230502	
1548772	
1007203	
2624430	
22953	
969046	
161904	3198001	4030379	
160908	
578077	
272214	
313443	
2202460	
519704	
118541	126392	
631978	
2449800	
394888	
48875	326875	350909	2223669	2363516	
133338	
2134477	
1720846	
145394	
160362	
102405	409237	626696	656001	781316	844496	845590	853183	1090966	1264359	1660364	1735755	1907490	1973509	2242579	2268355	2286768	2292463	2293195	2312246	2317034	2337593	2363543	2414743	2438466	2662609	2781580	2791753	2866460	3020747	3022787	3256541	3294159	3306322	3425527	3604073	3673111	3712713	3908051	4119717	
882766	3238705	3492332	
2620317	
326839	
80285	543753	1384941	
1234729	1404148	2734375	
2657266	3442271	
525892	
2917971	
153084	
142507	3005425	3799119	
2934315	
1992695	
64110	
1421271	
858871	
180790	
2287434	
443016	
18902	
2346330	
149651	
3194540	
99717	
2480560	
790576	
2737888	
743292	
1236180	
397298	
38816	
136170	174203	547151	645983	723916	1476739	1908827	2867515	
2979423	
3345786	
3487496	
2507338	2541142	3113826	3808901	
2494882	2501218	2536917	
567657	
2528008	2752015	
23431	132478	3352309	
464364	
833457	
59224	
3507261	
69451	1124628	1599856	3467071	3555788	
328365	
630222	
3848817	
578563	
1559460	
138296	
2876197	
137420	
12797	18316	29014	2484669	2496301	2500086	2501839	
1110796	
3313424	
3915204	
1441379	
3811186	
76695	
3145180	
2801011	
3866766	
1173621	
1019341	1238012	1241479	1243891	2524831	3028003	3065697	3267558	
132311	
2535636	
529306	2159488	2238242	
186658	
1322245	
4112192	
489047	
2028767	
1202125	
1174225	
1869713	
1783491	
76665	1071282	1214939	1215596	1371753	1435558	1784791	2148369	2189386	2650107	2684250	2836195	3084145	3140427	3156312	3486560	3874291	3882841	
3128984	
2074917	
449800	
285719	
1696848	
706130	
1615070	
70578	
3969919	
138678	
486516	
130970	
2819904	
1401000	
565549	1238847	3054779	
1071644	
126323	2914401	
126014	2003202	
261219	
1587346	
212783	
56487	
33942	2084525	2269936	3159321	3621728	3922710	4093553	
3994062	
1113699	
85277	485737	551181	597664	633970	687007	690175	731516	847440	979246	1088865	1098625	1105042	1280569	1350792	1475650	1726864	1897522	1903077	2020459	2209201	2219184	2236519	2236718	2272131	2272981	2283041	2310126	2351327	2352291	2391918	2402708	2410371	2846993	2980649	3263878	3306397	3308111	3346786	3358517	3445554	3504091	3527822	3545529	3548478	3556915	3603188	3654360	3666388	3705059	3761338	3886501	4051848	4113050	
24862	
357430	
97407	
40404	138113	373906	610524	750000	1181496	1197498	1231910	1437513	1558723	2538605	2626013	2747434	2786966	2975846	2996532	3111980	3466898	3621048	3855989	4106616	
1907999	
482893	
2374586	
115842	
3732769	
1673601	
3187000	
2743935	
264926	448010	
1679725	
453734	
4062978	
115807	609434	2137656	
178936	
1381627	
1579528	
310763	1463348	1661889	
1937716	2429365	3954680	3976767	4093100	
114308	
772458	
2141993	
887657	
112676	338937	
1739924	
176586	
1322567	
3743118	
326738	987408	
3207178	3239146	
2450534	
2714905	
7665	
627857	
497021	
3049809	
109270	
55558	993478	3332554	
3587483	3741836	
950975	3625926	
521867	
169047	
3387846	
92998	
3912788	
3133161	
2086342	
1039960	
104832	379680	3370918	
103227	
849702	1770798	2182820	2208075	2312886	2393079	
88226	
3218235	
101887	
651136	1682723	2149287	3608652	3880729	
2746440	
262079	
1447965	
35099	1492373	3638989	
29266	
12058	
4050241	
46320	
643327	
2161710	
2110284	
65193	
143753	4041374	
3770001	
3611048	
101926	1514233	
229757	
1353935	1889798	3383997	3406766	
214304	
200982	347284	591695	716439	1022818	1185684	1198474	1220792	1427239	1575260	1658723	1963848	2708169	2786197	2996437	3011985	3040881	3049910	3112410	3128045	3825120	3931266	4007405	
2844170	
177409	822213	1736878	1944422	
154304	2908630	
2714207	
51087	
683901	3869399	4070507	
355193	
3945251	
2073535	
59942	
1270055	
1784518	
489336	514646	
297220	2628746	
3403924	
4918	851425	1014462	
1847760	
89246	
2909916	2941569	
3145949	
276088	
3883841	
67032	83764	110904	326860	471402	642923	643459	647385	1306299	1965332	2033004	2087419	2208661	2235414	2250754	2300869	2354982	2387031	2412685	2773964	3008522	3244207	3260921	3290875	3485707	3570680	3878763	3892256	3935504	4003497	
957501	
94380	
2441338	
1640265	
3778270	
2624645	
1632682	
687280	723409	2176874	2211805	2228560	2467465	2480010	3980235	
886549	
805135	
283315	3640858	
3618748	
3219340	
2756789	
1064858	
1106921	
16251	
1255719	
501050	
1936827	2166474	2730105	3753423	
1503866	
59862	118169	
819059	
362804	2824401	
1864342	
1215056	
1722727	2761686	
63728	
76444	
1786648	
75120	
3775022	
3201109	
256192	
570880	
500474	
68499	825472	
487495	525423	1924692	
2685920	
21761	
2696806	
2087649	
1432268	
65006	794707	836936	1637160	3319202	
2532498	
2200418	
1776290	
875184	
1836690	
62008	
278740	
552914	
290	
447245	
763232	
3018733	
1395385	
1552479	
3535605	
2168958	2917399	3131261	3784538	
828462	
2757430	
911227	1503743	2685932	
3501956	
262975	
2170794	
37793	
2412383	
2635382	
896792	
2361157	
1241316	
448693	
6883	1693506	
2962743	
106082	
2652274	
138086	
4024416	
3555678	
273968	
1431709	
67985	
2498392	3384659	
1094662	
130566	
1815865	2558411	
14230	609423	3882455	
883221	1333495	1510659	
3843833	
1047609	
3284637	
1647239	
1470493	
2035312	
4027346	
1081307	
185134	
44801	
2749657	
698691	
13473	283564	397749	990464	1200898	1381782	1385896	1943508	2655581	2975674	3054210	3055341	3072054	3087886	3290191	3460386	3807324	3873483	3963456	4088270	
58526	990518	
3458050	
3878534	
2349976	
569799	
2125728	
1375472	
760417	
544877	718549	1870991	
2020053	
486732	
3143452	
1049799	1720940	
245839	1963801	
3266262	
1652936	
1779785	
131494	422431	441630	461036	614313	843017	1071614	1107831	1471223	1596338	1693163	1741086	1932463	2190568	2215707	2243169	2347124	2355912	2390692	2417520	3298395	3367804	3668099	3668753	3669196	3679598	3941245	3970341	4024570	
1435504	
4092619	
3495256	
95557	
338677	
2525686	
288752	
3320300	
1337053	
1391752	
38135	
2062701	
1648515	
186699	
556687	687062	718642	750726	1331805	
32651	
2665619	
1009	1683333	1729728	
616400	
1407580	
924352	
52182	1507828	
403933	
2964894	
4058284	
783930	
897825	
333660	
3453044	
505411	
431403	
1512863	
2646060	
632539	
56588	
569886	
32617	2300154	2345154	3456465	
30839	541778	689737	729084	774322	902619	993632	1353466	1760968	1805972	1873497	2234703	2245232	2269120	2399345	2404639	2474920	2959641	3278486	3584487	3601492	3626566	3654745	3885588	3913072	3922022	4077254	
19859	
1300762	
165321	3436788	
256208	3971838	
672444	1118427	
11529	533134	574219	855763	976698	1231985	1473966	1690885	1738146	1746969	1945578	2227434	2319965	2347214	2361899	2387531	2840294	3290347	3323858	3438226	3679443	3982820	3993474	
3087552	
895307	1809103	
3527751	
174425	
3587924	
2856762	
2651075	
1081623	2492361	2497330	2533954	3166729	
2652111	
1002236	3323981	
75833	
3819117	
554628	
2927920	
2475498	
92221	
3140948	
1078345	
783598	1755276	1761465	
26071	
1796292	
837619	
76128	
1630083	
363351	
359118	1978772	3585115	3730348	
2467678	
1611158	
1888109	
92316	1820638	3269111	
668548	2969380	
90750	
160157	781630	1704996	2888762	
3023348	
2702390	
1851393	
166240	586136	876047	1152233	1289029	1859250	
968619	
1320815	
3950455	
1064802	
1950280	
1635606	
3323466	
743240	
2970684	
3936097	
256507	
2468903	
3327851	
764290	
3515210	
1072342	
9306	1610163	
4010096	
480913	
3358150	
29715	1075753	1322740	3912114	
1389994	
1234700	
3086497	
563	313223	457406	680085	773744	1293093	1342406	1443931	1745296	1882579	1889044	1900675	2260689	2268463	2354557	2816040	2868956	2878410	3219013	3261502	3264532	3455099	3646290	3875177	3924592	3944503	3985824	4018160	4106213	
3321251	
3259504	
1409936	
34481	186027	2487303	3124985	
26941	29668	2316244	3790276	
121117	
267135	
1598710	2189957	2455316	
607671	3183956	
201094	459362	
795003	
3167634	
7785	507392	3983699	
609957	
90420	411596	584250	788654	
3837401	
561852	
183183	
23643	2624134	
900415	
2934341	
124665	
355129	
1996444	
1019044	
3856196	
427952	
1137960	2147174	2521650	3120277	3344677	
3770713	
156282	1133019	2584725	3403971	3438633	4069392	
